1 1 1
0.496585303791 0.704688089719 0.637628151622
0.246596963942 0.496585303791 0.406569659741
0.122456428253 0.349937749111 0.259240260646
0.0608100626252 0.246596963942 0.165298888222
0.0301973834223 0.17377394345 0.105399224562
0.0149955768205 0.122456428253 0.0672055127397
0.00744658307092 0.0862935864994 0.042852126867
0.00369786371648 0.0608100626252 0.0273237224473
0.00183630477703 0.042852126867 0.0174223746395
0.000911881965555 0.0301973834223 0.0111089965382
0.000452827182887 0.0212797364384 0.00708340892905
0.000224867324179 0.0149955768205 0.00451658094261
0.00011166580849 0.0105672043839 0.00287989915809
5.54515994322e-05 0.00744658307092 0.00183630477703
2.75364493497e-05 0.00524751839918 0.00117087962079
1.36741960657e-05 0.00369786371648 0.000746585808377
6.79040480738e-06 0.00260584051841 0.000476044129022
3.37201523414e-06 0.00183630477703 0.000303539138079
1.67449320943e-06 0.00129402210547 0.000193545099558
8.31528719104e-07 0.000911881965555 0.000123409804087
4.12924941587e-07 0.000642592360356 7.86895652718e-05
2.05052457561e-07 0.000452827182887 5.01746820562e-05
1.01826036931e-07 0.000319101922481 3.19927897777e-05
5.05653134834e-08 0.000224867324179 2.03995034112e-05
2.51099915574e-08 0.000158461325116 1.30072976541e-05
1.24692527858e-08 0.00011166580849 8.29381916076e-06
6.19204768266e-09 7.86895652718e-05 5.28837258136e-06
3.07487987959e-09 5.54515994322e-05 3.37201523414e-06
1.52694015913e-09 3.90760816757e-05 2.15009184098e-06
7.58256042791e-10 2.75364493497e-05 1.37095908638e-06
3.76538807361e-10 1.94046078899e-05 8.741621082e-07
1.86983638043e-10 1.36741960657e-05 5.57390369269e-07

0.778800783071 0.606530659713 0.778800783071
0.386741023455 0.427414931949 0.496585303791
0.192049908621 0.301194211912 0.316636769379
0.0953691622155 0.212247973827 0.201896517995
0.0473589243911 0.149568619223 0.128734903588
0.023517745856 0.105399224562 0.0820849986239
0.0116785669704 0.0742735782143 0.0523397059484
0.00579940472684 0.0523397059484 0.0333732699603
0.00287989915809 0.0368831674012 0.0212797364384
0.00143011559831 0.0259911287788 0.0135685590122
0.000710174388843 0.0183156388887 0.00865169520312
0.000352662164628 0.0129068125805 0.00551656442076
0.000175126848158 0.0090952771017 0.00351751677491
8.69654190944e-05 0.00640933344626 0.00224286771949
4.31857490603e-05 0.00451658094261 0.00143011559831
2.14454083166e-05 0.00318278079651 0.000911881965555
1.06494746038e-05 0.00224286771949 0.000581441612194
5.28837258136e-06 0.00158052216874 0.000370743540459
2.62612810488e-06 0.00111377514784 0.000236396518429
1.30409662276e-06 0.000784864081311 0.000150733075095
6.47595217584e-07 0.000553084370148 9.61116520614e-05
3.21586267858e-07 0.000389751968253 6.12834950532e-05
1.59695014519e-07 0.000274653569972 3.90760816757e-05
7.93021972991e-08 0.000193545099558 2.49160097315e-05
3.93803057371e-08 0.000136388926482 1.58871492309e-05
1.95556810879e-08 9.61116520614e-05 1.01300935986e-05
9.71106383386e-09 6.77287364909e-05 6.45923285705e-06
4.82237158407e-09 4.77276339368e-05 4.11858870754e-06
2.39471885807e-09 3.36330951857e-05 2.62612810488e-06
1.18918219163e-09 2.37008415978e-05 1.67449320943e-06
5.90530399894e-10 1.67017007902e-05 1.06770401003e-06
2.9324871803e-10 1.17694896249e-05 6.80798134398e-07
1.45623003729e-10 8.29381916076e-06 4.34096056064e-07

0.606530659713 0.367879441171 0.606530659713
0.301194211912 0.259240260646 0.386741023455
0.149568619223 0.182683524053 0.246596963942
0.0742735782143 0.128734903588 0.157237166314
0.0368831674012 0.0907179532894 0.100258843723
0.0183156388887 0.0639278612067 0.0639278612067
0.0090952771017 0.0450492023936 0.0407622039784
0.00451658094261 0.0317456363781 0.0259911287788
0.00224286771949 0.0223707718562 0.0165726754018
0.00111377514784 0.0157644164849 0.0105672043839
0.000553084370148 0.0111089965382 0.00673794699909
0.000274653569972 0.00782837754923 0.00429630469075
0.000136388926482 0.00551656442076 0.00273944481877
6.77287364909e-05 0.00388745724348 0.00174674713626
3.36330951857e-05 0.00273944481877 0.00111377514784
1.67017007902e-05 0.00193045413623 0.000710174388843
8.29381916076e-06 0.00136036803755 0.000452827182887
4.11858870754e-06 0.000958635153694 0.000288735359628
2.04523062452e-06 0.000675538775194 0.000184105793668
1.015631471e-06 0.000476044129022 0.000117391036919
5.04347662568e-07 0.000335462627903 7.48518298877e-05
2.50451637233e-07 0.000236396518429 4.77276339368e-05
1.2437060236e-07 0.000166585810988 3.04324830084e-05
6.17606133558e-08 0.000117391036919 1.94046078899e-05
3.06694129456e-08 8.27240655566e-05 1.23729242618e-05
1.52299797447e-08 5.82946637309e-05 7.8893248272e-06
7.56298411827e-09 4.10795552253e-05 5.03045560711e-06
3.75566676594e-09 2.89482732982e-05 3.20756011058e-06
1.8650089219e-09 2.03995034112e-05 2.04523062452e-06
9.26136022057e-10 1.437528709e-05 1.30409662276e-06
4.59905537865e-10 1.01300935986e-05 8.31528719104e-07
2.28382331236e-10 7.13855630669e-06 5.30206120182e-07
1.13411309337e-10 5.03045560711e-06 3.3807434839e-07

0.472366552741 0.223130160148 0.472366552741
0.234570288094 0.157237166314 0.301194211912
0.116484157773 0.110803158362 0.192049908621
0.0578443208748 0.0780816660012 0.122456428253
0.0287246396542 0.0550232200564 0.0780816660012
0.014264233909 0.0387742078317 0.0497870683679
0.00708340892905 0.0273237224473 0.0317456363781
0.00351751677491 0.0192547017754 0.0202419114458
0.00174674713626 0.0135685590122 0.0129068125805
0.000867408957307 0.00956160193054 0.00822974704902
0.000430742540576 0.00673794699909 0.00524751839918
0.000213900415368 0.00474815099941 0.00334596545747
0.000106219802746 0.00334596545747 0.00213348177004
5.27471930155e-05 0.00235786200649 0.00136036803755
2.61934808678e-05 0.00166155727317 0.000867408957307
1.30072976541e-05 0.00117087962079 0.000553084370148
6.45923285705e-06 0.000825104923266 0.000352662164628
3.20756011058e-06 0.000581441612194 0.000224867324179
1.59282721194e-06 0.00040973497898 0.000143381736276
7.90974584929e-07 0.000288735359628 9.14242314782e-05
3.92786354548e-07 0.000203468369011 5.82946637309e-05
1.95051931198e-07 0.000143381736276 3.71703186841e-05
9.68599225093e-08 0.000101039401837 2.37008415978e-05
4.80992140445e-08 7.12012630669e-05 1.51123238199e-05
2.38853628184e-08 5.01746820562e-05 9.63604310396e-06
1.18611201513e-08 3.53575008504e-05 6.14421235333e-06
5.89005795366e-09 2.49160097315e-05 3.91772276602e-06
2.92491621827e-09 1.75580153011e-05 2.49805032587e-06
1.45247040881e-09 1.23729242618e-05 1.59282721194e-06
7.21275459208e-10 8.71905236227e-06 1.015631471e-06
3.58174793028e-10 6.14421235333e-06 6.47595217584e-07
1.77864338406e-10 4.32975326609e-06 4.12924941587e-07
8.83248165212e-11 3.05112555804e-06 2.63292567263e-07

0.367879441171 0.135335283237 0.367879441171
0.182683524053 0.0953691622155 0.234570288094
0.0907179532894 0.0672055127397 0.149568619223
0.0450492023936 0.0473589243911 0.0953691622155
0.0223707718562 0.0333732699603 0.0608100626252
0.0111089965382 0.023517745856 0.0387742078317
0.00551656442076 0.0165726754018 0.0247235264703
0.00273944481877 0.0116785669704 0.0157644164849
0.00136036803755 0.00822974704902 0.0100518357446
0.000675538775194 0.00579940472684 0.00640933344626
0.000335462627903 0.00408677143846 0.00408677143846
0.000166585810988 0.00287989915809 0.00260584051841
8.27240655566e-05 0.0020294306363 0.00166155727317
4.10795552253e-05 0.00143011559831 0.00105945569291
2.03995034112e-05 0.00100778542905 0.000675538775194
1.01300935986e-05 0.000710174388843 0.000430742540576
5.03045560711e-06 0.000500451433441 0.000274653569972
2.49805032587e-06 0.000352662164628 0.000175126848158
1.24049507996e-06 0.000248516827108 0.00011166580849
6.16011626132e-07 0.000175126848158 7.12012630669e-05
3.05902320502e-07 0.000123409804087 4.53999297625e-05
1.51906596757e-07 8.69654190944e-05 2.89482732982e-05
7.54345834984e-08 6.12834950532e-05 1.84582339958e-05
3.7459705563e-08 4.31857490603e-05 1.17694896249e-05
1.86019392669e-08 3.04324830084e-05 7.50455791508e-06
9.23744966197e-09 2.14454083166e-05 4.78511739213e-06
4.58718174665e-09 1.51123238199e-05 3.05112555804e-06
2.27792704121e-09 1.06494746038e-05 1.94548354994e-06
1.13118509177e-09 7.50455791508e-06 1.24049507996e-06
5.61729892442e-10 5.28837258136e-06 7.90974584929e-07
2.78946809287e-10 3.72665317208e-06 5.04347662568e-07
1.38520886031e-10 2.62612810488e-06 3.21586267858e-07
6.87874362713e-11 1.85060119758e-06 2.05052457561e-07

0.28650479686 0.0820849986239 0.28650479686
0.142274071587 0.0578443208748 0.182683524053
0.0706512130604 0.0407622039784 0.116484157773
0.0350843541008 0.0287246396542 0.0742735782143
0.0174223746395 0.0202419114458 0.0473589243911
0.00865169520312 0.014264233909 0.0301973834223
0.00429630469075 0.0100518357446 0.0192547017754
0.00213348177004 0.00708340892905 0.0122773399031
0.00105945569291 0.00499159390691 0.00782837754923
0.000526110127116 0.00351751677491 0.00499159390691
0.000261258557302 0.00247875217667 0.00318278079651
0.000129737160046 0.00174674713626 0.0020294306363
6.44255670344e-05 0.00123091190267 0.00129402210547
3.19927897777e-05 0.000867408957307 0.000825104923266
1.58871492309e-05 0.00061125276113 0.000526110127116
7.8893248272e-06 0.000430742540576 0.000335462627903
3.91772276602e-06 0.000303539138079 0.000213900415368
1.94548354994e-06 0.000213900415368 0.000136388926482
9.66098539667e-07 0.000150733075095 8.69654190944e-05
4.79750336813e-07 0.000106219802746 5.54515994322e-05
2.3823696675e-07 7.48518298877e-05 3.53575008504e-05
1.18304976508e-07 5.27471930155e-05 2.25449379132e-05
5.87485126993e-08 3.71703186841e-05 1.437528709e-05
2.91736480261e-08 2.61934808678e-05 9.16608773625e-06
1.44872048677e-08 1.84582339958e-05 5.84455558087e-06
7.19413303033e-09 1.30072976541e-05 3.72665317208e-06
3.57250073638e-09 9.16608773625e-06 2.37621897385e-06
1.77405136347e-09 6.45923285705e-06 1.51514411214e-06
8.8096783527e-10 4.55174446308e-06 9.66098539667e-07
4.37475680108e-10 3.20756011058e-06 6.16011626132e-07
2.17243993508e-10 2.26032940698e-06 3.92786354548e-07
1.07880174513e-10 1.59282721194e-06 2.50451637233e-07
5.35717092336e-11 1.12244636523e-06 1.59695014519e-07

0.223130160148 0.0497870683679 0.223130160148
0.110803158362 0.0350843541008 0.142274071587
0.0550232200564 0.0247235264703 0.0907179532894
0.0273237224473 0.0174223746395 0.0578443208748
0.0135685590122 0.0122773399031 0.0368831674012
0.00673794699909 0.00865169520312 0.023517745856
0.00334596545747 0.00609674656552 0.0149955768205
0.00166155727317 0.00429630469075 0.00956160193054
0.000825104923266 0.00302755474538 0.00609674656552
0.00040973497898 0.00213348177004 0.00388745724348
0.000203468369011 0.00150343919298 0.00247875217667
0.000101039401837 0.00105945569291 0.00158052216874
5.01746820562e-05 0.000746585808377 0.00100778542905
2.49160097315e-05 0.000526110127116 0.000642592360356
1.23729242618e-05 0.000370743540459 0.00040973497898
6.14421235333e-06 0.000261258557302 0.000261258557302
3.05112555804e-06 0.000184105793668 0.000166585810988
1.51514411214e-06 0.000129737160046 0.000106219802746
7.52398299216e-07 9.14242314782e-05 6.77287364909e-05
3.73629937989e-07 6.44255670344e-05 4.31857490603e-05
1.85539136262e-07 4.53999297625e-05 2.75364493497e-05
9.21360083457e-08 3.19927897777e-05 1.75580153011e-05
4.57533876945e-08 2.25449379132e-05 1.11954848426e-05
2.27204599277e-08 1.58871492309e-05 7.13855630669e-06
1.12826464955e-08 1.11954848426e-05 4.55174446308e-06
5.60279643754e-09 7.8893248272e-06 2.90232040865e-06
2.78226637102e-09 5.55951324165e-06 1.85060119758e-06
1.38163259108e-09 3.91772276602e-06 1.179995421e-06
6.86098439969e-10 2.76077257204e-06 7.52398299216e-07
3.40706402243e-10 1.94548354994e-06 4.79750336813e-07
1.69189792262e-10 1.37095908638e-06 3.05902320502e-07
8.40171643886e-11 9.66098539667e-07 1.95051931198e-07
4.17216891016e-11 6.80798134398e-07 1.2437060236e-07

0.17377394345 0.0301973834223 0.17377394345
0.0862935864994 0.0212797364384 0.110803158362
0.042852126867 0.0149955768205 0.0706512130604
0.0212797364384 0.0105672043839 0.0450492023936
0.0105672043839 0.00744658307092 0.0287246396542
0.00524751839918 0.00524751839918 0.0183156388887
0.00260584051841 0.00369786371648 0.0116785669704
0.00129402210547 0.00260584051841 0.00744658307092
0.000642592360356 0.00183630477703 0.00474815099941
0.000319101922481 0.00129402210547 0.00302755474538
0.000158461325116 0.000911881965555 0.00193045413623
7.86895652718e-05 0.000642592360356 0.00123091190267
3.90760816757e-05 0.000452827182887 0.000784864081311
1.94046078899e-05 0.000319101922481 0.000500451433441
9.63604310396e-06 0.000224867324179 0.000319101922481
4.78511739213e-06 0.000158461325116 0.000203468369011
2.37621897385e-06 0.00011166580849 0.000129737160046
1.179995421e-06 7.86895652718e-05 8.27240655566e-05
5.85968384611e-07 5.54515994322e-05 5.27471930155e-05
2.90983288284e-07 3.90760816757e-05 3.36330951857e-05
1.44498024611e-07 2.75364493497e-05 2.14454083166e-05
7.17555954487e-08 1.94046078899e-05 1.36741960657e-05
3.56327741646e-08 1.36741960657e-05 8.71905236227e-06
1.76947119835e-08 9.63604310396e-06 5.55951324165e-06
8.78693392581e-09 6.79040480738e-06 3.54490215219e-06
4.36346225294e-09 4.78511739213e-06 2.26032940698e-06
2.16683122846e-09 3.37201523414e-06 1.44124966183e-06
1.07601654385e-09 2.37621897385e-06 9.18981357898e-07
5.34334002312e-10 1.67449320943e-06 5.85968384611e-07
2.65342412864e-10 1.179995421e-06 3.73629937989e-07
1.31765142701e-10 8.31528719104e-07 2.3823696675e-07
6.54326334173e-11 5.85968384611e-07 1.51906596757e-07
3.24928841434e-11 4.12924941587e-07 9.68599225093e-08

0.135335283237 0.0183156388887 0.135335283237
0.0672055127397 0.0129068125805 0.0862935864994
0.0333732699603 0.0090952771017 0.0550232200564
0.0165726754018 0.00640933344626 0.0350843541008
0.00822974704902 0.00451658094261 0.0223707718562
0.00408677143846 0.00318278079651 0.014264233909
0.0020294306363 0.00224286771949 0.0090952771017
0.00100778542905 0.00158052216874 0.00579940472684
0.000500451433441 0.00111377514784 0.00369786371648
0.000248516827108 0.000784864081311 0.00235786200649
0.000123409804087 0.000553084370148 0.00150343919298
6.12834950532e-05 0.000389751968253 0.000958635153694
3.04324830084e-05 0.000274653569972 0.00061125276113
1.51123238199e-05 0.000193545099558 0.000389751968253
7.50455791508e-06 0.000136388926482 0.000248516827108
3.72665317208e-06 9.61116520614e-05 0.000158461325116
1.85060119758e-06 6.77287364909e-05 0.000101039401837
9.18981357898e-07 4.77276339368e-05 6.44255670344e-05
4.5635263679e-07 3.36330951857e-05 4.10795552253e-05
2.26618012777e-07 2.37008415978e-05 2.61934808678e-05
1.12535174719e-07 1.67017007902e-05 1.67017007902e-05
5.58833139252e-08 1.17694896249e-05 1.06494746038e-05
2.77508324224e-08 8.29381916076e-06 6.79040480738e-06
1.37806555489e-08 5.84455558087e-06 4.32975326609e-06
6.84327102222e-09 4.11858870754e-06 2.76077257204e-06
3.3982678195e-09 2.90232040865e-06 1.76034631216e-06
1.68752985751e-09 2.04523062452e-06 1.12244636523e-06
8.38002526948e-10 1.44124966183e-06 7.15703401159e-07
4.16139739422e-10 1.015631471e-06 4.5635263679e-07
2.06648878921e-10 7.15703401159e-07 2.90983288284e-07
1.02618796317e-10 5.04347662568e-07 1.85539136262e-07
5.09589861438e-11 3.55407790889e-07 1.18304976508e-07
2.53054836151e-11 2.50451637233e-07 7.54345834984e-08

0.105399224562 0.0111089965382 0.105399224562
0.0523397059484 0.00782837754923 0.0672055127397
0.0259911287788 0.00551656442076 0.042852126867
0.0129068125805 0.00388745724348 0.0273237224473
0.00640933344626 0.00273944481877 0.0174223746395
0.00318278079651 0.00193045413623 0.0111089965382
0.00158052216874 0.00136036803755 0.00708340892905
0.000784864081311 0.000958635153694 0.00451658094261
0.000389751968253 0.000675538775194 0.00287989915809
0.000193545099558 0.000476044129022 0.00183630477703
9.61116520614e-05 0.000335462627903 0.00117087962079
4.77276339368e-05 0.000236396518429 0.000746585808377
2.37008415978e-05 0.000166585810988 0.000476044129022
1.17694896249e-05 0.000117391036919 0.000303539138079
5.84455558087e-06 8.27240655566e-05 0.000193545099558
2.90232040865e-06 5.82946637309e-05 0.000123409804087
1.44124966183e-06 4.10795552253e-05 7.86895652718e-05
7.15703401159e-07 2.89482732982e-05 5.01746820562e-05
3.55407790889e-07 2.03995034112e-05 3.19927897777e-05
1.76490285808e-07 1.437528709e-05 2.03995034112e-05
8.76424821944e-08 1.01300935986e-05 1.30072976541e-05
4.35219686456e-08 7.13855630669e-06 8.29381916076e-06
2.16123700215e-08 5.03045560711e-06 5.28837258136e-06
1.07323853328e-08 3.54490215219e-06 3.37201523414e-06
5.32954483087e-09 2.49805032587e-06 2.15009184098e-06
2.64657363891e-09 1.76034631216e-06 1.37095908638e-06
1.31424957448e-09 1.24049507996e-06 8.741621082e-07
6.52637024203e-10 8.741621082e-07 5.57390369269e-07
3.24089954929e-10 6.16011626132e-07 3.55407790889e-07
1.60938308724e-10 4.34096056064e-07 2.26618012777e-07
7.99195989295e-11 3.05902320502e-07 1.44498024611e-07
3.96868983133e-11 2.15565721875e-07 9.21360083457e-08
1.97079304555e-11 1.51906596757e-07 5.87485126993e-08

0.0820849986239 0.00673794699909 0.0820849986239
0.0407622039784 0.00474815099941 0.0523397059484
0.0202419114458 0.00334596545747 0.0333732699603
0.0100518357446 0.00235786200649 0.0212797364384
0.00499159390691 0.00166155727317 0.0135685590122
0.00247875217667 0.00117087962079 0.00865169520312
0.00123091190267 0.000825104923266 0.00551656442076
0.00061125276113 0.000581441612194 0.00351751677491
0.000303539138079 0.00040973497898 0.00224286771949
0.000150733075095 0.000288735359628 0.00143011559831
7.48518298877e-05 0.000203468369011 0.000911881965555
3.71703186841e-05 0.000143381736276 0.000581441612194
1.84582339958e-05 0.000101039401837 0.000370743540459
9.16608773625e-06 7.12012630669e-05 0.000236396518429
4.55174446308e-06 5.01746820562e-05 0.000150733075095
2.26032940698e-06 3.53575008504e-05 9.61116520614e-05
1.12244636523e-06 2.49160097315e-05 6.12834950532e-05
5.57390369269e-07 1.75580153011e-05 3.90760816757e-05
2.76791865854e-07 1.23729242618e-05 2.49160097315e-05
1.37450772792e-07 8.71905236227e-06 1.58871492309e-05
6.82560337633e-08 6.14421235333e-06 1.01300935986e-05
3.3894943262e-08 4.32975326609e-06 6.45923285705e-06
1.68317306967e-08 3.05112555804e-06 4.11858870754e-06
8.35839010137e-09 2.15009184098e-06 2.62612810488e-06
4.1506536877e-09 1.51514411214e-06 1.67449320943e-06
2.06115362244e-09 1.06770401003e-06 1.06770401003e-06
1.02353859776e-09 7.52398299216e-07 6.80798134398e-07
5.08274225511e-10 5.30206120182e-07 4.34096056064e-07
2.52401510685e-10 3.73629937989e-07 2.76791865854e-07
1.25338880861e-10 2.63292567263e-07 1.76490285808e-07
6.22414462291e-11 1.85539136262e-07 1.12535174719e-07
3.09081874841e-11 1.307472195e-07 7.17555954487e-08
1.53485516714e-11 9.21360083457e-08 4.57533876945e-08

0.0639278612067 0.00408677143846 0.0639278612067
0.0317456363781 0.00287989915809 0.0407622039784
0.0157644164849 0.0020294306363 0.0259911287788
0.00782837754923 0.00143011559831 0.0165726754018
0.00388745724348 0.00100778542905 0.0105672043839
0.00193045413623 0.000710174388843 0.00673794699909
0.000958635153694 0.000500451433441 0.00429630469075
0.000476044129022 0.000352662164628 0.00273944481877
0.000236396518429 0.000248516827108 0.00174674713626
0.000117391036919 0.000175126848158 0.00111377514784
5.82946637309e-05 0.000123409804087 0.000710174388843
2.89482732982e-05 8.69654190944e-05 0.000452827182887
1.437528709e-05 6.12834950532e-05 0.000288735359628
7.13855630669e-06 4.31857490603e-05 0.000184105793668
3.54490215219e-06 3.04324830084e-05 0.000117391036919
1.76034631216e-06 2.14454083166e-05 7.48518298877e-05
8.741621082e-07 1.51123238199e-05 4.77276339368e-05
4.34096056064e-07 1.06494746038e-05 3.04324830084e-05
2.15565721875e-07 7.50455791508e-06 1.94046078899e-05
1.07046769484e-07 5.28837258136e-06 1.23729242618e-05
5.31578525442e-08 3.72665317208e-06 7.8893248272e-06
2.63974083546e-08 2.62612810488e-06 5.03045560711e-06
1.31085650471e-08 1.85060119758e-06 3.20756011058e-06
6.50952075617e-09 1.30409662276e-06 2.04523062452e-06
3.23253234224e-09 9.18981357898e-07 1.30409662276e-06
1.60522805519e-09 6.47595217584e-07 8.31528719104e-07
7.97132661439e-10 4.5635263679e-07 5.30206120182e-07
3.95844364843e-10 3.21586267858e-07 3.3807434839e-07
1.9657049417e-10 2.26618012777e-07 2.15565721875e-07
9.76140185636e-11 1.59695014519e-07 1.37450772792e-07
4.84736870627e-11 1.12535174719e-07 8.76424821944e-08
2.40713206159e-11 7.93021972991e-08 5.58833139252e-08
1.19534640607e-11 5.58833139252e-08 3.56327741646e-08

0.0497870683679 0.00247875217667 0.0497870683679
0.0247235264703 0.00174674713626 0.0317456363781
0.0122773399031 0.00123091190267 0.0202419114458
0.00609674656552 0.000867408957307 0.0129068125805
0.00302755474538 0.00061125276113 0.00822974704902
0.00150343919298 0.000430742540576 0.00524751839918
0.000746585808377 0.000303539138079 0.00334596545747
0.000370743540459 0.000213900415368 0.00213348177004
0.000184105793668 0.000150733075095 0.00136036803755
9.14242314782e-05 0.000106219802746 0.000867408957307
4.53999297625e-05 7.48518298877e-05 0.000553084370148
2.25449379132e-05 5.27471930155e-05 0.000352662164628
1.11954848426e-05 3.71703186841e-05 0.000224867324179
5.55951324165e-06 2.61934808678e-05 0.000143381736276
2.76077257204e-06 1.84582339958e-05 9.14242314782e-05
1.37095908638e-06 1.30072976541e-05 5.82946637309e-05
6.80798134398e-07 9.16608773625e-06 3.71703186841e-05
3.3807434839e-07 6.45923285705e-06 2.37008415978e-05
1.67882753e-07 4.55174446308e-06 1.51123238199e-05
8.33681078996e-08 3.20756011058e-06 9.63604310396e-06
4.13993771879e-08 2.26032940698e-06 6.14421235333e-06
2.05583222976e-08 1.59282721194e-06 3.91772276602e-06
1.02089607236e-08 1.12244636523e-06 2.49805032587e-06
5.06961986232e-09 7.90974584929e-07 1.59282721194e-06
2.51749871944e-09 5.57390369269e-07 1.015631471e-06
1.25015286639e-09 3.92786354548e-07 6.47595217584e-07
6.2080754094e-10 2.76791865854e-07 4.12924941587e-07
3.08283901314e-10 1.95051931198e-07 2.63292567263e-07
1.53089254788e-10 1.37450772792e-07 1.67882753e-07
7.60218740961e-11 9.68599225093e-08 1.07046769484e-07
3.77513454428e-11 6.82560337633e-08 6.82560337633e-08
1.87467633452e-11 4.80992140445e-08 4.35219686456e-08
9.3093671709e-12 3.3894943262e-08 2.77508324224e-08

0.0387742078317 0.00150343919298 0.0387742078317
0.0192547017754 0.00105945569291 0.0247235264703
0.00956160193054 0.000746585808377 0.0157644164849
0.00474815099941 0.000526110127116 0.0100518357446
0.00235786200649 0.000370743540459 0.00640933344626
0.00117087962079 0.000261258557302 0.00408677143846
0.000581441612194 0.000184105793668 0.00260584051841
0.000288735359628 0.000129737160046 0.00166155727317
0.000143381736276 9.14242314782e-05 0.00105945569291
7.12012630669e-05 6.44255670344e-05 0.000675538775194
3.53575008504e-05 4.53999297625e-05 0.000430742540576
1.75580153011e-05 3.19927897777e-05 0.000274653569972
8.71905236227e-06 2.25449379132e-05 0.000175126848158
4.32975326609e-06 1.58871492309e-05 0.00011166580849
2.15009184098e-06 1.11954848426e-05 7.12012630669e-05
1.06770401003e-06 7.8893248272e-06 4.53999297625e-05
5.30206120182e-07 5.55951324165e-06 2.89482732982e-05
2.63292567263e-07 3.91772276602e-06 1.84582339958e-05
1.307472195e-07 2.76077257204e-06 1.17694896249e-05
6.49271477154e-08 1.94548354994e-06 7.50455791508e-06
3.22418673726e-08 1.37095908638e-06 4.78511739213e-06
1.6010837504e-08 9.66098539667e-07 3.05112555804e-06
7.95074660588e-09 6.80798134398e-07 1.94548354994e-06
3.94822391865e-09 4.79750336813e-07 1.24049507996e-06
1.96062997408e-09 3.3807434839e-07 7.90974584929e-07
9.73620031301e-10 2.3823696675e-07 5.04347662568e-07
4.83485399021e-10 1.67882753e-07 3.21586267858e-07
2.40091743752e-10 1.18304976508e-07 2.05052457561e-07
1.19226031509e-10 8.33681078996e-08 1.307472195e-07
5.92058950766e-11 5.87485126993e-08 8.33681078996e-08
2.94007773928e-11 4.13993771879e-08 5.31578525442e-08
1.45999939733e-11 2.91736480261e-08 3.3894943262e-08
7.2501424426e-12 2.05583222976e-08 2.16123700215e-08

0.0301973834223 0.000911881965555 0.0301973834223
0.0149955768205 0.000642592360356 0.0192547017754
0.00744658307092 0.000452827182887 0.0122773399031
0.00369786371648 0.000319101922481 0.00782837754923
0.00183630477703 0.000224867324179 0.00499159390691
0.000911881965555 0.000158461325116 0.00318278079651
0.000452827182887 0.00011166580849 0.0020294306363
0.000224867324179 7.86895652718e-05 0.00129402210547
0.00011166580849 5.54515994322e-05 0.000825104923266
5.54515994322e-05 3.90760816757e-05 0.000526110127116
2.75364493497e-05 2.75364493497e-05 0.000335462627903
1.36741960657e-05 1.94046078899e-05 0.000213900415368
6.79040480738e-06 1.36741960657e-05 0.000136388926482
3.37201523414e-06 9.63604310396e-06 8.69654190944e-05
1.67449320943e-06 6.79040480738e-06 5.54515994322e-05
8.31528719104e-07 4.78511739213e-06 3.53575008504e-05
4.12924941587e-07 3.37201523414e-06 2.25449379132e-05
2.05052457561e-07 2.37621897385e-06 1.437528709e-05
1.01826036931e-07 1.67449320943e-06 9.16608773625e-06
5.05653134834e-08 1.179995421e-06 5.84455558087e-06
2.51099915574e-08 8.31528719104e-07 3.72665317208e-06
1.24692527858e-08 5.85968384611e-07 2.37621897385e-06
6.19204768266e-09 4.12924941587e-07 1.51514411214e-06
3.07487987959e-09 2.90983288284e-07 9.66098539667e-07
1.52694015913e-09 2.05052457561e-07 6.16011626132e-07
7.58256042791e-10 1.44498024611e-07 3.92786354548e-07
3.76538807361e-10 1.01826036931e-07 2.50451637233e-07
1.86983638043e-10 7.17555954487e-08 1.59695014519e-07
9.28533267014e-11 5.05653134834e-08 1.01826036931e-07
4.61095974481e-11 3.56327741646e-08 6.49271477154e-08
2.28973484565e-11 2.51099915574e-08 4.13993771879e-08
1.13704867393e-11 1.76947119835e-08 2.63974083546e-08
5.64641661167e-12 1.24692527858e-08 1.68317306967e-08

0.023517745856 0.000553084370148 0.023517745856
0.0116785669704 0.000389751968253 0.0149955768205
0.00579940472684 0.000274653569972 0.00956160193054
0.00287989915809 0.000193545099558 0.00609674656552
0.00143011559831 0.000136388926482 0.00388745724348
0.000710174388843 9.61116520614e-05 0.00247875217667
0.000352662164628 6.77287364909e-05 0.00158052216874
0.000175126848158 4.77276339368e-05 0.00100778542905
8.69654190944e-05 3.36330951857e-05 0.000642592360356
4.31857490603e-05 2.37008415978e-05 0.00040973497898
2.14454083166e-05 1.67017007902e-05 0.000261258557302
1.06494746038e-05 1.17694896249e-05 0.000166585810988
5.28837258136e-06 8.29381916076e-06 0.000106219802746
2.62612810488e-06 5.84455558087e-06 6.77287364909e-05
1.30409662276e-06 4.11858870754e-06 4.31857490603e-05
6.47595217584e-07 2.90232040865e-06 2.75364493497e-05
3.21586267858e-07 2.04523062452e-06 1.75580153011e-05
1.59695014519e-07 1.44124966183e-06 1.11954848426e-05
7.93021972991e-08 1.015631471e-06 7.13855630669e-06
3.93803057371e-08 7.15703401159e-07 4.55174446308e-06
1.95556810879e-08 5.04347662568e-07 2.90232040865e-06
9.71106383386e-09 3.55407790889e-07 1.85060119758e-06
4.82237158407e-09 2.50451637233e-07 1.179995421e-06
2.39471885807e-09 1.76490285808e-07 7.52398299216e-07
1.18918219163e-09 1.2437060236e-07 4.79750336813e-07
5.90530399894e-10 8.76424821944e-08 3.05902320502e-07
2.9324871803e-10 6.17606133558e-08 1.95051931198e-07
1.45623003729e-10 4.35219686456e-08 1.2437060236e-07
7.23142435459e-11 3.06694129456e-08 7.93021972991e-08
3.59101905997e-11 2.16123700215e-08 5.05653134834e-08
1.78324729081e-11 1.52299797447e-08 3.22418673726e-08
8.85534397644e-12 1.07323853328e-08 2.05583222976e-08
4.39743367872e-12 7.56298411827e-09 1.31085650471e-08

0.0183156388887 0.000335462627903 0.0183156388887
0.0090952771017 0.000236396518429 0.0116785669704
0.00451658094261 0.000166585810988 0.00744658307092
0.00224286771949 0.000117391036919 0.00474815099941
0.00111377514784 8.27240655566e-05 0.00302755474538
0.000553084370148 5.82946637309e-05 0.00193045413623
0.000274653569972 4.10795552253e-05 0.00123091190267
0.000136388926482 2.89482732982e-05 0.000784864081311
6.77287364909e-05 2.03995034112e-05 0.000500451433441
3.36330951857e-05 1.437528709e-05 0.000319101922481
1.67017007902e-05 1.01300935986e-05 0.000203468369011
8.29381916076e-06 7.13855630669e-06 0.000129737160046
4.11858870754e-06 5.03045560711e-06 8.27240655566e-05
2.04523062452e-06 3.54490215219e-06 5.27471930155e-05
1.015631471e-06 2.49805032587e-06 3.36330951857e-05
5.04347662568e-07 1.76034631216e-06 2.14454083166e-05
2.50451637233e-07 1.24049507996e-06 1.36741960657e-05
1.2437060236e-07 8.741621082e-07 8.71905236227e-06
6.17606133558e-08 6.16011626132e-07 5.55951324165e-06
3.06694129456e-08 4.34096056064e-07 3.54490215219e-06
1.52299797447e-08 3.05902320502e-07 2.26032940698e-06
7.56298411827e-09 2.15565721875e-07 1.44124966183e-06
3.75566676594e-09 1.51906596757e-07 9.18981357898e-07
1.8650089219e-09 1.07046769484e-07 5.85968384611e-07
9.26136022057e-10 7.54345834984e-08 3.73629937989e-07
4.59905537865e-10 5.31578525442e-08 2.3823696675e-07
2.28382331236e-10 3.7459705563e-08 1.51906596757e-07
1.13411309337e-10 2.63974083546e-08 9.68599225093e-08
5.63183895007e-11 1.86019392669e-08 6.17606133558e-08
2.79668845593e-11 1.31085650471e-08 3.93803057371e-08
1.3887943865e-11 9.23744966197e-09 2.51099915574e-08
6.89654882322e-12 6.50952075617e-09 1.6010837504e-08
3.42472479249e-12 4.58718174665e-09 1.02089607236e-08

0.014264233909 0.000203468369011 0.014264233909
0.00708340892905 0.000143381736276 0.0090952771017
0.00351751677491 0.000101039401837 0.00579940472684
0.00174674713626 7.12012630669e-05 0.00369786371648
0.000867408957307 5.01746820562e-05 0.00235786200649
0.000430742540576 3.53575008504e-05 0.00150343919298
0.000213900415368 2.49160097315e-05 0.000958635153694
0.000106219802746 1.75580153011e-05 0.00061125276113
5.27471930155e-05 1.23729242618e-05 0.000389751968253
2.61934808678e-05 8.71905236227e-06 0.000248516827108
1.30072976541e-05 6.14421235333e-06 0.000158461325116
6.45923285705e-06 4.32975326609e-06 0.000101039401837
3.20756011058e-06 3.05112555804e-06 6.44255670344e-05
1.59282721194e-06 2.15009184098e-06 4.10795552253e-05
7.90974584929e-07 1.51514411214e-06 2.61934808678e-05
3.92786354548e-07 1.06770401003e-06 1.67017007902e-05
1.95051931198e-07 7.52398299216e-07 1.06494746038e-05
9.68599225093e-08 5.30206120182e-07 6.79040480738e-06
4.80992140445e-08 3.73629937989e-07 4.32975326609e-06
2.38853628184e-08 2.63292567263e-07 2.76077257204e-06
1.18611201513e-08 1.85539136262e-07 1.76034631216e-06
5.89005795366e-09 1.307472195e-07 1.12244636523e-06
2.92491621827e-09 9.21360083457e-08 7.15703401159e-07
1.45247040881e-09 6.49271477154e-08 4.5635263679e-07
7.21275459208e-10 4.57533876945e-08 2.90983288284e-07
3.58174793028e-10 3.22418673726e-08 1.85539136262e-07
1.77864338406e-10 2.27204599277e-08 1.18304976508e-07
8.83248165212e-11 1.6010837504e-08 7.54345834984e-08
4.38608058445e-11 1.12826464955e-08 4.80992140445e-08
2.17806315948e-11 7.95074660588e-09 3.06694129456e-08
1.08159415573e-11 5.60279643754e-09 1.95556810879e-08
5.37103762401e-12 3.94822391865e-09 1.24692527858e-08
2.6671783502e-12 2.78226637102e-09 7.95074660588e-09

0.0111089965382 0.000123409804087 0.0111089965382
0.00551656442076 8.69654190944e-05 0.00708340892905
0.00273944481877 6.12834950532e-05 0.00451658094261
0.00136036803755 4.31857490603e-05 0.00287989915809
0.000675538775194 3.04324830084e-05 0.00183630477703
0.000335462627903 2.14454083166e-05 0.00117087962079
0.000166585810988 1.51123238199e-05 0.000746585808377
8.27240655566e-05 1.06494746038e-05 0.000476044129022
4.10795552253e-05 7.50455791508e-06 0.000303539138079
2.03995034112e-05 5.28837258136e-06 0.000193545099558
1.01300935986e-05 3.72665317208e-06 0.000123409804087
5.03045560711e-06 2.62612810488e-06 7.86895652718e-05
2.49805032587e-06 1.85060119758e-06 5.01746820562e-05
1.24049507996e-06 1.30409662276e-06 3.19927897777e-05
6.16011626132e-07 9.18981357898e-07 2.03995034112e-05
3.05902320502e-07 6.47595217584e-07 1.30072976541e-05
1.51906596757e-07 4.5635263679e-07 8.29381916076e-06
7.54345834984e-08 3.21586267858e-07 5.28837258136e-06
3.7459705563e-08 2.26618012777e-07 3.37201523414e-06
1.86019392669e-08 1.59695014519e-07 2.15009184098e-06
9.23744966197e-09 1.12535174719e-07 1.37095908638e-06
4.58718174665e-09 7.93021972991e-08 8.741621082e-07
2.27792704121e-09 5.58833139252e-08 5.57390369269e-07
1.13118509177e-09 3.93803057371e-08 3.55407790889e-07
5.61729892442e-10 2.77508324224e-08 2.26618012777e-07
2.78946809287e-10 1.95556810879e-08 1.44498024611e-07
1.38520886031e-10 1.37806555489e-08 9.21360083457e-08
6.87874362713e-11 9.71106383386e-09 5.87485126993e-08
3.41588299378e-11 6.84327102222e-09 3.7459705563e-08
1.69627729418e-11 4.82237158407e-09 2.38853628184e-08
8.42346375447e-12 3.3982678195e-09 1.52299797447e-08
4.18296830749e-12 2.39471885807e-09 9.71106383386e-09
2.07720058772e-12 1.68752985751e-09 6.19204768266e-09

0.00865169520312 7.48518298877e-05 0.00865169520312
0.00429630469075 5.27471930155e-05 0.00551656442076
0.00213348177004 3.71703186841e-05 0.00351751677491
0.00105945569291 2.61934808678e-05 0.00224286771949
0.000526110127116 1.84582339958e-05 0.00143011559831
0.000261258557302 1.30072976541e-05 0.000911881965555
0.000129737160046 9.16608773625e-06 0.000581441612194
6.44255670344e-05 6.45923285705e-06 0.000370743540459
3.19927897777e-05 4.55174446308e-06 0.000236396518429
1.58871492309e-05 3.20756011058e-06 0.000150733075095
7.8893248272e-06 2.26032940698e-06 9.61116520614e-05
3.91772276602e-06 1.59282721194e-06 6.12834950532e-05
1.94548354994e-06 1.12244636523e-06 3.90760816757e-05
9.66098539667e-07 7.90974584929e-07 2.49160097315e-05
4.79750336813e-07 5.57390369269e-07 1.58871492309e-05
2.3823696675e-07 3.92786354548e-07 1.01300935986e-05
1.18304976508e-07 2.76791865854e-07 6.45923285705e-06
5.87485126993e-08 1.95051931198e-07 4.11858870754e-06
2.91736480261e-08 1.37450772792e-07 2.62612810488e-06
1.44872048677e-08 9.68599225093e-08 1.67449320943e-06
7.19413303033e-09 6.82560337633e-08 1.06770401003e-06
3.57250073638e-09 4.80992140445e-08 6.80798134398e-07
1.77405136347e-09 3.3894943262e-08 4.34096056064e-07
8.8096783527e-10 2.38853628184e-08 2.76791865854e-07
4.37475680108e-10 1.68317306967e-08 1.76490285808e-07
2.17243993508e-10 1.18611201513e-08 1.12535174719e-07
1.07880174513e-10 8.35839010137e-09 7.17555954487e-08
5.35717092336e-11 5.89005795366e-09 4.57533876945e-08
2.66029235044e-11 4.1506536877e-09 2.91736480261e-08
1.32106208502e-11 2.92491621827e-09 1.86019392669e-08
6.56020016815e-12 2.06115362244e-09 1.18611201513e-08
3.25769899344e-12 1.45247040881e-09 7.56298411827e-09
1.61772544432e-12 1.02353859776e-09 4.82237158407e-09

0.00673794699909 4.53999297625e-05 0.00673794699909
0.00334596545747 3.19927897777e-05 0.00429630469075
0.00166155727317 2.25449379132e-05 0.00273944481877
0.000825104923266 1.58871492309e-05 0.00174674713626
0.00040973497898 1.11954848426e-05 0.00111377514784
0.000203468369011 7.8893248272e-06 0.000710174388843
0.000101039401837 5.55951324165e-06 0.000452827182887
5.01746820562e-05 3.91772276602e-06 0.000288735359628
2.49160097315e-05 2.76077257204e-06 0.000184105793668
1.23729242618e-05 1.94548354994e-06 0.000117391036919
6.14421235333e-06 1.37095908638e-06 7.48518298877e-05
3.05112555804e-06 9.66098539667e-07 4.77276339368e-05
1.51514411214e-06 6.80798134398e-07 3.04324830084e-05
7.52398299216e-07 4.79750336813e-07 1.94046078899e-05
3.73629937989e-07 3.3807434839e-07 1.23729242618e-05
1.85539136262e-07 2.3823696675e-07 7.8893248272e-06
9.21360083457e-08 1.67882753e-07 5.03045560711e-06
4.57533876945e-08 1.18304976508e-07 3.20756011058e-06
2.27204599277e-08 8.33681078996e-08 2.04523062452e-06
1.12826464955e-08 5.87485126993e-08 1.30409662276e-06
5.60279643754e-09 4.13993771879e-08 8.31528719104e-07
2.78226637102e-09 2.91736480261e-08 5.30206120182e-07
1.38163259108e-09 2.05583222976e-08 3.3807434839e-07
6.86098439969e-10 1.44872048677e-08 2.15565721875e-07
3.40706402243e-10 1.02089607236e-08 1.37450772792e-07
1.69189792262e-10 7.19413303033e-09 8.76424821944e-08
8.40171643886e-11 5.06961986232e-09 5.58833139252e-08
4.17216891016e-11 3.57250073638e-09 3.56327741646e-08
2.07183776572e-11 2.51749871944e-09 2.27204599277e-08
1.0288441863e-11 1.77405136347e-09 1.44872048677e-08
5.10908902806e-12 1.25015286639e-09 9.23744966197e-09
2.5370985271e-12 8.8096783527e-10 5.89005795366e-09
1.25988584283e-12 6.2080754094e-10 3.75566676594e-09

0.00524751839918 2.75364493497e-05 0.00524751839918
0.00260584051841 1.94046078899e-05 0.00334596545747
0.00129402210547 1.36741960657e-05 0.00213348177004
0.000642592360356 9.63604310396e-06 0.00136036803755
0.000319101922481 6.79040480738e-06 0.000867408957307
0.000158461325116 4.78511739213e-06 0.000553084370148
7.86895652718e-05 3.37201523414e-06 0.000352662164628
3.90760816757e-05 2.37621897385e-06 0.000224867324179
1.94046078899e-05 1.67449320943e-06 0.000143381736276
9.63604310396e-06 1.179995421e-06 9.14242314782e-05
4.78511739213e-06 8.31528719104e-07 5.82946637309e-05
2.37621897385e-06 5.85968384611e-07 3.71703186841e-05
1.179995421e-06 4.12924941587e-07 2.37008415978e-05
5.85968384611e-07 2.90983288284e-07 1.51123238199e-05
2.90983288284e-07 2.05052457561e-07 9.63604310396e-06
1.44498024611e-07 1.44498024611e-07 6.14421235333e-06
7.17555954487e-08 1.01826036931e-07 3.91772276602e-06
3.56327741646e-08 7.17555954487e-08 2.49805032587e-06
1.76947119835e-08 5.05653134834e-08 1.59282721194e-06
8.78693392581e-09 3.56327741646e-08 1.015631471e-06
4.36346225294e-09 2.51099915574e-08 6.47595217584e-07
2.16683122846e-09 1.76947119835e-08 4.12924941587e-07
1.07601654385e-09 1.24692527858e-08 2.63292567263e-07
5.34334002312e-10 8.78693392581e-09 1.67882753e-07
2.65342412864e-10 6.19204768266e-09 1.07046769484e-07
1.31765142701e-10 4.36346225294e-09 6.82560337633e-08
6.54326334173e-11 3.07487987959e-09 4.35219686456e-08
3.24928841434e-11 2.16683122846e-09 2.77508324224e-08
1.61354887434e-11 1.52694015913e-09 1.76947119835e-08
8.01264657947e-12 1.07601654385e-09 1.12826464955e-08
3.97896253584e-12 7.58256042791e-10 7.19413303033e-09
1.97589431963e-12 5.34334002312e-10 4.58718174665e-09
9.81200080975e-13 3.76538807361e-10 2.92491621827e-09

0.00408677143846 1.67017007902e-05 0.00408677143846
0.0020294306363 1.17694896249e-05 0.00260584051841
0.00100778542905 8.29381916076e-06 0.00166155727317
0.000500451433441 5.84455558087e-06 0.00105945569291
0.000248516827108 4.11858870754e-06 0.000675538775194
0.000123409804087 2.90232040865e-06 0.000430742540576
6.12834950532e-05 2.04523062452e-06 0.000274653569972
3.04324830084e-05 1.44124966183e-06 0.000175126848158
1.51123238199e-05 1.015631471e-06 0.00011166580849
7.50455791508e-06 7.15703401159e-07 7.12012630669e-05
3.72665317208e-06 5.04347662568e-07 4.53999297625e-05
1.85060119758e-06 3.55407790889e-07 2.89482732982e-05
9.18981357898e-07 2.50451637233e-07 1.84582339958e-05
4.5635263679e-07 1.76490285808e-07 1.17694896249e-05
2.26618012777e-07 1.2437060236e-07 7.50455791508e-06
1.12535174719e-07 8.76424821944e-08 4.78511739213e-06
5.58833139252e-08 6.17606133558e-08 3.05112555804e-06
2.77508324224e-08 4.35219686456e-08 1.94548354994e-06
1.37806555489e-08 3.06694129456e-08 1.24049507996e-06
6.84327102222e-09 2.16123700215e-08 7.90974584929e-07
3.3982678195e-09 1.52299797447e-08 5.04347662568e-07
1.68752985751e-09 1.07323853328e-08 3.21586267858e-07
8.38002526948e-10 7.56298411827e-09 2.05052457561e-07
4.16139739422e-10 5.32954483087e-09 1.307472195e-07
2.06648878921e-10 3.75566676594e-09 8.33681078996e-08
1.02618796317e-10 2.64657363891e-09 5.31578525442e-08
5.09589861438e-11 1.8650089219e-09 3.3894943262e-08
2.53054836151e-11 1.31424957448e-09 2.16123700215e-08
1.25663312686e-11 9.26136022057e-10 1.37806555489e-08
6.24025543056e-12 6.52637024203e-10 8.78693392581e-09
3.09881913872e-12 4.59905537865e-10 5.60279643754e-09
1.5388280434e-12 3.24089954929e-10 3.57250073638e-09
7.64159391413e-13 2.28382331236e-10 2.27792704121e-09

0.00318278079651 1.01300935986e-05 0.00318278079651
0.00158052216874 7.13855630669e-06 0.0020294306363
0.000784864081311 5.03045560711e-06 0.00129402210547
0.000389751968253 3.54490215219e-06 0.000825104923266
0.000193545099558 2.49805032587e-06 0.000526110127116
9.61116520614e-05 1.76034631216e-06 0.000335462627903
4.77276339368e-05 1.24049507996e-06 0.000213900415368
2.37008415978e-05 8.741621082e-07 0.000136388926482
1.17694896249e-05 6.16011626132e-07 8.69654190944e-05
5.84455558087e-06 4.34096056064e-07 5.54515994322e-05
2.90232040865e-06 3.05902320502e-07 3.53575008504e-05
1.44124966183e-06 2.15565721875e-07 2.25449379132e-05
7.15703401159e-07 1.51906596757e-07 1.437528709e-05
3.55407790889e-07 1.07046769484e-07 9.16608773625e-06
1.76490285808e-07 7.54345834984e-08 5.84455558087e-06
8.76424821944e-08 5.31578525442e-08 3.72665317208e-06
4.35219686456e-08 3.7459705563e-08 2.37621897385e-06
2.16123700215e-08 2.63974083546e-08 1.51514411214e-06
1.07323853328e-08 1.86019392669e-08 9.66098539667e-07
5.32954483087e-09 1.31085650471e-08 6.16011626132e-07
2.64657363891e-09 9.23744966197e-09 3.92786354548e-07
1.31424957448e-09 6.50952075617e-09 2.50451637233e-07
6.52637024203e-10 4.58718174665e-09 1.59695014519e-07
3.24089954929e-10 3.23253234224e-09 1.01826036931e-07
1.60938308724e-10 2.27792704121e-09 6.49271477154e-08
7.99195989295e-11 1.60522805519e-09 4.13993771879e-08
3.96868983133e-11 1.13118509177e-09 2.63974083546e-08
1.97079304555e-11 7.97132661439e-10 1.68317306967e-08
9.78666863232e-12 5.61729892442e-10 1.07323853328e-08
4.85991581589e-12 3.95844364843e-10 6.84327102222e-09
2.41336277183e-12 2.78946809287e-10 4.36346225294e-09
1.19844048521e-12 1.9657049417e-10 2.78226637102e-09
5.95127932424e-13 1.38520886031e-10 1.77405136347e-09

0.00247875217667 6.14421235333e-06 0.00247875217667
0.00123091190267 4.32975326609e-06 0.00158052216874
0.00061125276113 3.05112555804e-06 0.00100778542905
0.000303539138079 2.15009184098e-06 0.000642592360356
0.000150733075095 1.51514411214e-06 0.00040973497898
7.48518298877e-05 1.06770401003e-06 0.000261258557302
3.71703186841e-05 7.52398299216e-07 0.000166585810988
1.84582339958e-05 5.30206120182e-07 0.000106219802746
9.16608773625e-06 3.73629937989e-07 6.77287364909e-05
4.55174446308e-06 2.63292567263e-07 4.31857490603e-05
2.26032940698e-06 1.85539136262e-07 2.75364493497e-05
1.12244636523e-06 1.307472195e-07 1.75580153011e-05
5.57390369269e-07 9.21360083457e-08 1.11954848426e-05
2.76791865854e-07 6.49271477154e-08 7.13855630669e-06
1.37450772792e-07 4.57533876945e-08 4.55174446308e-06
6.82560337633e-08 3.22418673726e-08 2.90232040865e-06
3.3894943262e-08 2.27204599277e-08 1.85060119758e-06
1.68317306967e-08 1.6010837504e-08 1.179995421e-06
8.35839010137e-09 1.12826464955e-08 7.52398299216e-07
4.1506536877e-09 7.95074660588e-09 4.79750336813e-07
2.06115362244e-09 5.60279643754e-09 3.05902320502e-07
1.02353859776e-09 3.94822391865e-09 1.95051931198e-07
5.08274225511e-10 2.78226637102e-09 1.2437060236e-07
2.52401510685e-10 1.96062997408e-09 7.93021972991e-08
1.25338880861e-10 1.38163259108e-09 5.05653134834e-08
6.22414462291e-11 9.73620031301e-10 3.22418673726e-08
3.09081874841e-11 6.86098439969e-10 2.05583222976e-08
1.53485516714e-11 4.83485399021e-10 1.31085650471e-08
7.62186519451e-12 3.40706402243e-10 8.35839010137e-09
3.78490624307e-12 2.40091743752e-10 5.32954483087e-09
1.87952881654e-12 1.69189792262e-10 3.3982678195e-09
9.33346388346e-13 1.19226031509e-10 2.16683122846e-09
4.63486099799e-13 8.40171643886e-11 1.38163259108e-09

0.00193045413623 3.72665317208e-06 0.00193045413623
0.000958635153694 2.62612810488e-06 0.00123091190267
0.000476044129022 1.85060119758e-06 0.000784864081311
0.000236396518429 1.30409662276e-06 0.000500451433441
0.000117391036919 9.18981357898e-07 0.000319101922481
5.82946637309e-05 6.47595217584e-07 0.000203468369011
2.89482732982e-05 4.5635263679e-07 0.000129737160046
1.437528709e-05 3.21586267858e-07 8.27240655566e-05
7.13855630669e-06 2.26618012777e-07 5.27471930155e-05
3.54490215219e-06 1.59695014519e-07 3.36330951857e-05
1.76034631216e-06 1.12535174719e-07 2.14454083166e-05
8.741621082e-07 7.93021972991e-08 1.36741960657e-05
4.34096056064e-07 5.58833139252e-08 8.71905236227e-06
2.15565721875e-07 3.93803057371e-08 5.55951324165e-06
1.07046769484e-07 2.77508324224e-08 3.54490215219e-06
5.31578525442e-08 1.95556810879e-08 2.26032940698e-06
2.63974083546e-08 1.37806555489e-08 1.44124966183e-06
1.31085650471e-08 9.71106383386e-09 9.18981357898e-07
6.50952075617e-09 6.84327102222e-09 5.85968384611e-07
3.23253234224e-09 4.82237158407e-09 3.73629937989e-07
1.60522805519e-09 3.3982678195e-09 2.3823696675e-07
7.97132661439e-10 2.39471885807e-09 1.51906596757e-07
3.95844364843e-10 1.68752985751e-09 9.68599225093e-08
1.9657049417e-10 1.18918219163e-09 6.17606133558e-08
9.76140185636e-11 8.38002526948e-10 3.93803057371e-08
4.84736870627e-11 5.90530399894e-10 2.51099915574e-08
2.40713206159e-11 4.16139739422e-10 1.6010837504e-08
1.19534640607e-11 2.9324871803e-10 1.02089607236e-08
5.93591458195e-12 2.06648878921e-10 6.50952075617e-09
2.94768794596e-12 1.45623003729e-10 4.1506536877e-09
1.46377851413e-12 1.02618796317e-10 2.64657363891e-09
7.26890898121e-13 7.23142435459e-11 1.68752985751e-09
3.60963337466e-13 5.09589861438e-11 1.07601654385e-09

0.00150343919298 2.26032940698e-06 0.00150343919298
0.000746585808377 1.59282721194e-06 0.000958635153694
0.000370743540459 1.12244636523e-06 0.00061125276113
0.000184105793668 7.90974584929e-07 0.000389751968253
9.14242314782e-05 5.57390369269e-07 0.000248516827108
4.53999297625e-05 3.92786354548e-07 0.000158461325116
2.25449379132e-05 2.76791865854e-07 0.000101039401837
1.11954848426e-05 1.95051931198e-07 6.44255670344e-05
5.55951324165e-06 1.37450772792e-07 4.10795552253e-05
2.76077257204e-06 9.68599225093e-08 2.61934808678e-05
1.37095908638e-06 6.82560337633e-08 1.67017007902e-05
6.80798134398e-07 4.80992140445e-08 1.06494746038e-05
3.3807434839e-07 3.3894943262e-08 6.79040480738e-06
1.67882753e-07 2.38853628184e-08 4.32975326609e-06
8.33681078996e-08 1.68317306967e-08 2.76077257204e-06
4.13993771879e-08 1.18611201513e-08 1.76034631216e-06
2.05583222976e-08 8.35839010137e-09 1.12244636523e-06
1.02089607236e-08 5.89005795366e-09 7.15703401159e-07
5.06961986232e-09 4.1506536877e-09 4.5635263679e-07
2.51749871944e-09 2.92491621827e-09 2.90983288284e-07
1.25015286639e-09 2.06115362244e-09 1.85539136262e-07
6.2080754094e-10 1.45247040881e-09 1.18304976508e-07
3.08283901314e-10 1.02353859776e-09 7.54345834984e-08
1.53089254788e-10 7.21275459208e-10 4.80992140445e-08
7.60218740961e-11 5.08274225511e-10 3.06694129456e-08
3.77513454428e-11 3.58174793028e-10 1.95556810879e-08
1.87467633452e-11 2.52401510685e-10 1.24692527858e-08
9.3093671709e-12 1.77864338406e-10 7.95074660588e-09
4.62289492467e-12 1.25338880861e-10 5.06961986232e-09
2.29566168056e-12 8.83248165212e-11 3.23253234224e-09
1.13999185304e-12 6.22414462291e-11 2.06115362244e-09
5.66103200664e-13 4.38608058445e-11 1.31424957448e-09
2.81118529879e-13 3.09081874841e-11 8.38002526948e-10

0.00117087962079 1.37095908638e-06 0.00117087962079
0.000581441612194 9.66098539667e-07 0.000746585808377
0.000288735359628 6.80798134398e-07 0.000476044129022
0.000143381736276 4.79750336813e-07 0.000303539138079
7.12012630669e-05 3.3807434839e-07 0.000193545099558
3.53575008504e-05 2.3823696675e-07 0.000123409804087
1.75580153011e-05 1.67882753e-07 7.86895652718e-05
8.71905236227e-06 1.18304976508e-07 5.01746820562e-05
4.32975326609e-06 8.33681078996e-08 3.19927897777e-05
2.15009184098e-06 5.87485126993e-08 2.03995034112e-05
1.06770401003e-06 4.13993771879e-08 1.30072976541e-05
5.30206120182e-07 2.91736480261e-08 8.29381916076e-06
2.63292567263e-07 2.05583222976e-08 5.28837258136e-06
1.307472195e-07 1.44872048677e-08 3.37201523414e-06
6.49271477154e-08 1.02089607236e-08 2.15009184098e-06
3.22418673726e-08 7.19413303033e-09 1.37095908638e-06
1.6010837504e-08 5.06961986232e-09 8.741621082e-07
7.95074660588e-09 3.57250073638e-09 5.57390369269e-07
3.94822391865e-09 2.51749871944e-09 3.55407790889e-07
1.96062997408e-09 1.77405136347e-09 2.26618012777e-07
9.73620031301e-10 1.25015286639e-09 1.44498024611e-07
4.83485399021e-10 8.8096783527e-10 9.21360083457e-08
2.40091743752e-10 6.2080754094e-10 5.87485126993e-08
1.19226031509e-10 4.37475680108e-10 3.7459705563e-08
5.92058950766e-11 3.08283901314e-10 2.38853628184e-08
2.94007773928e-11 2.17243993508e-10 1.52299797447e-08
1.45999939733e-11 1.53089254788e-10 9.71106383386e-09
7.2501424426e-12 1.07880174513e-10 6.19204768266e-09
3.60031418739e-12 7.60218740961e-11 3.94822391865e-09
1.78786311449e-12 5.35717092336e-11 2.51749871944e-09
8.87826547846e-13 3.77513454428e-11 1.60522805519e-09
4.40881615976e-13 2.66029235044e-11 1.02353859776e-09
2.18935331206e-13 1.87467633452e-11 6.52637024203e-10

0.000911881965555 8.31528719104e-07 0.000911881965555
0.000452827182887 5.85968384611e-07 0.000581441612194
0.000224867324179 4.12924941587e-07 0.000370743540459
0.00011166580849 2.90983288284e-07 0.000236396518429
5.54515994322e-05 2.05052457561e-07 0.000150733075095
2.75364493497e-05 1.44498024611e-07 9.61116520614e-05
1.36741960657e-05 1.01826036931e-07 6.12834950532e-05
6.79040480738e-06 7.17555954487e-08 3.90760816757e-05
3.37201523414e-06 5.05653134834e-08 2.49160097315e-05
1.67449320943e-06 3.56327741646e-08 1.58871492309e-05
8.31528719104e-07 2.51099915574e-08 1.01300935986e-05
4.12924941587e-07 1.76947119835e-08 6.45923285705e-06
2.05052457561e-07 1.24692527858e-08 4.11858870754e-06
1.01826036931e-07 8.78693392581e-09 2.62612810488e-06
5.05653134834e-08 6.19204768266e-09 1.67449320943e-06
2.51099915574e-08 4.36346225294e-09 1.06770401003e-06
1.24692527858e-08 3.07487987959e-09 6.80798134398e-07
6.19204768266e-09 2.16683122846e-09 4.34096056064e-07
3.07487987959e-09 1.52694015913e-09 2.76791865854e-07
1.52694015913e-09 1.07601654385e-09 1.76490285808e-07
7.58256042791e-10 7.58256042791e-10 1.12535174719e-07
3.76538807361e-10 5.34334002312e-10 7.17555954487e-08
1.86983638043e-10 3.76538807361e-10 4.57533876945e-08
9.28533267014e-11 2.65342412864e-10 2.91736480261e-08
4.61095974481e-11 1.86983638043e-10 1.86019392669e-08
2.28973484565e-11 1.31765142701e-10 1.18611201513e-08
1.13704867393e-11 9.28533267014e-11 7.56298411827e-09
5.64641661167e-12 6.54326334173e-11 4.82237158407e-09
2.80392750844e-12 4.61095974481e-11 3.07487987959e-09
1.39238919359e-12 3.24928841434e-11 1.96062997408e-09
6.91440010694e-13 2.28973484565e-11 1.25015286639e-09
3.43358947764e-13 1.61354887434e-11 7.97132661439e-10
1.70507007385e-13 1.13704867393e-11 5.08274225511e-10

0.000710174388843 5.04347662568e-07 0.000710174388843
0.000352662164628 3.55407790889e-07 0.000452827182887
0.000175126848158 2.50451637233e-07 0.000288735359628
8.69654190944e-05 1.76490285808e-07 0.000184105793668
4.31857490603e-05 1.2437060236e-07 0.000117391036919
2.14454083166e-05 8.76424821944e-08 7.48518298877e-05
1.06494746038e-05 6.17606133558e-08 4.77276339368e-05
5.28837258136e-06 4.35219686456e-08 3.04324830084e-05
2.62612810488e-06 3.06694129456e-08 1.94046078899e-05
1.30409662276e-06 2.16123700215e-08 1.23729242618e-05
6.47595217584e-07 1.52299797447e-08 7.8893248272e-06
3.21586267858e-07 1.07323853328e-08 5.03045560711e-06
1.59695014519e-07 7.56298411827e-09 3.20756011058e-06
7.93021972991e-08 5.32954483087e-09 2.04523062452e-06
3.93803057371e-08 3.75566676594e-09 1.30409662276e-06
1.95556810879e-08 2.64657363891e-09 8.31528719104e-07
9.71106383386e-09 1.8650089219e-09 5.30206120182e-07
4.82237158407e-09 1.31424957448e-09 3.3807434839e-07
2.39471885807e-09 9.26136022057e-10 2.15565721875e-07
1.18918219163e-09 6.52637024203e-10 1.37450772792e-07
5.90530399894e-10 4.59905537865e-10 8.76424821944e-08
2.9324871803e-10 3.24089954929e-10 5.58833139252e-08
1.45623003729e-10 2.28382331236e-10 3.56327741646e-08
7.23142435459e-11 1.60938308724e-10 2.27204599277e-08
3.59101905997e-11 1.13411309337e-10 1.44872048677e-08
1.78324729081e-11 7.99195989295e-11 9.23744966197e-09
8.85534397644e-12 5.63183895007e-11 5.89005795366e-09
4.39743367872e-12 3.96868983133e-11 3.75566676594e-09
2.18370093925e-12 2.79668845593e-11 2.39471885807e-09
1.08439379431e-12 1.97079304555e-11 1.52694015913e-09
5.38494021775e-13 1.3887943865e-11 9.73620031301e-10
2.67408217393e-13 9.78666863232e-12 6.2080754094e-10
1.32790990871e-13 6.89654882322e-12 3.95844364843e-10

0.000553084370148 3.05902320502e-07 0.000553084370148
0.000274653569972 2.15565721875e-07 0.000352662164628
0.000136388926482 1.51906596757e-07 0.000224867324179
6.77287364909e-05 1.07046769484e-07 0.000143381736276
3.36330951857e-05 7.54345834984e-08 9.14242314782e-05
1.67017007902e-05 5.31578525442e-08 5.82946637309e-05
8.29381916076e-06 3.7459705563e-08 3.71703186841e-05
4.11858870754e-06 2.63974083546e-08 2.37008415978e-05
2.04523062452e-06 1.86019392669e-08 1.51123238199e-05
1.015631471e-06 1.31085650471e-08 9.63604310396e-06
5.04347662568e-07 9.23744966197e-09 6.14421235333e-06
2.50451637233e-07 6.50952075617e-09 3.91772276602e-06
1.2437060236e-07 4.58718174665e-09 2.49805032587e-06
6.17606133558e-08 3.23253234224e-09 1.59282721194e-06
3.06694129456e-08 2.27792704121e-09 1.015631471e-06
1.52299797447e-08 1.60522805519e-09 6.47595217584e-07
7.56298411827e-09 1.13118509177e-09 4.12924941587e-07
3.75566676594e-09 7.97132661439e-10 2.63292567263e-07
1.8650089219e-09 5.61729892442e-10 1.67882753e-07
9.26136022057e-10 3.95844364843e-10 1.07046769484e-07
4.59905537865e-10 2.78946809287e-10 6.82560337633e-08
2.28382331236e-10 1.9657049417e-10 4.35219686456e-08
1.13411309337e-10 1.38520886031e-10 2.77508324224e-08
5.63183895007e-11 9.76140185636e-11 1.76947119835e-08
2.79668845593e-11 6.87874362713e-11 1.12826464955e-08
1.3887943865e-11 4.84736870627e-11 7.19413303033e-09
6.89654882322e-12 3.41588299378e-11 4.58718174665e-09
3.42472479249e-12 2.40713206159e-11 2.92491621827e-09
1.70066800148e-12 1.69627729418e-11 1.8650089219e-09
8.44526736164e-13 1.19534640607e-11 1.18918219163e-09
4.19379565838e-13 8.42346375447e-12 7.58256042791e-10
2.08257729106e-13 5.93591458195e-12 4.83485399021e-10
1.03417727675e-13 4.18296830749e-12 3.08283901314e-10

0.000430742540576 1.85539136262e-07 0.000430742540576
0.000213900415368 1.307472195e-07 0.000274653569972
0.000106219802746 9.21360083457e-08 0.000175126848158
5.27471930155e-05 6.49271477154e-08 0.00011166580849
2.61934808678e-05 4.57533876945e-08 7.12012630669e-05
1.30072976541e-05 3.22418673726e-08 4.53999297625e-05
6.45923285705e-06 2.27204599277e-08 2.89482732982e-05
3.20756011058e-06 1.6010837504e-08 1.84582339958e-05
1.59282721194e-06 1.12826464955e-08 1.17694896249e-05
7.90974584929e-07 7.95074660588e-09 7.50455791508e-06
3.92786354548e-07 5.60279643754e-09 4.78511739213e-06
1.95051931198e-07 3.94822391865e-09 3.05112555804e-06
9.68599225093e-08 2.78226637102e-09 1.94548354994e-06
4.80992140445e-08 1.96062997408e-09 1.24049507996e-06
2.38853628184e-08 1.38163259108e-09 7.90974584929e-07
1.18611201513e-08 9.73620031301e-10 5.04347662568e-07
5.89005795366e-09 6.86098439969e-10 3.21586267858e-07
2.92491621827e-09 4.83485399021e-10 2.05052457561e-07
1.45247040881e-09 3.40706402243e-10 1.307472195e-07
7.21275459208e-10 2.40091743752e-10 8.33681078996e-08
3.58174793028e-10 1.69189792262e-10 5.31578525442e-08
1.77864338406e-10 1.19226031509e-10 3.3894943262e-08
8.83248165212e-11 8.40171643886e-11 2.16123700215e-08
4.38608058445e-11 5.92058950766e-11 1.37806555489e-08
2.17806315948e-11 4.17216891016e-11 8.78693392581e-09
1.08159415573e-11 2.94007773928e-11 5.60279643754e-09
5.37103762401e-12 2.07183776572e-11 3.57250073638e-09
2.6671783502e-12 1.45999939733e-11 2.27792704121e-09
1.3244815713e-12 1.0288441863e-11 1.45247040881e-09
6.57718083449e-13 7.2501424426e-12 9.26136022057e-10
3.26613134279e-13 5.10908902806e-12 5.90530399894e-10
1.62191282508e-13 3.60031418739e-12 3.76538807361e-10
8.05418072966e-14 2.5370985271e-12 2.40091743752e-10

0.000335462627903 1.12535174719e-07 0.000335462627903
0.000166585810988 7.93021972991e-08 0.000213900415368
8.27240655566e-05 5.58833139252e-08 0.000136388926482
4.10795552253e-05 3.93803057371e-08 8.69654190944e-05
2.03995034112e-05 2.77508324224e-08 5.54515994322e-05
1.01300935986e-05 1.95556810879e-08 3.53575008504e-05
5.03045560711e-06 1.37806555489e-08 2.25449379132e-05
2.49805032587e-06 9.71106383386e-09 1.437528709e-05
1.24049507996e-06 6.84327102222e-09 9.16608773625e-06
6.16011626132e-07 4.82237158407e-09 5.84455558087e-06
3.05902320502e-07 3.3982678195e-09 3.72665317208e-06
1.51906596757e-07 2.39471885807e-09 2.37621897385e-06
7.54345834984e-08 1.68752985751e-09 1.51514411214e-06
3.7459705563e-08 1.18918219163e-09 9.66098539667e-07
1.86019392669e-08 8.38002526948e-10 6.16011626132e-07
9.23744966197e-09 5.90530399894e-10 3.92786354548e-07
4.58718174665e-09 4.16139739422e-10 2.50451637233e-07
2.27792704121e-09 2.9324871803e-10 1.59695014519e-07
1.13118509177e-09 2.06648878921e-10 1.01826036931e-07
5.61729892442e-10 1.45623003729e-10 6.49271477154e-08
2.78946809287e-10 1.02618796317e-10 4.13993771879e-08
1.38520886031e-10 7.23142435459e-11 2.63974083546e-08
6.87874362713e-11 5.09589861438e-11 1.68317306967e-08
3.41588299378e-11 3.59101905997e-11 1.07323853328e-08
1.69627729418e-11 2.53054836151e-11 6.84327102222e-09
8.42346375447e-12 1.78324729081e-11 4.36346225294e-09
4.18296830749e-12 1.25663312686e-11 2.78226637102e-09
2.07720058772e-12 8.85534397644e-12 1.77405136347e-09
1.03150728489e-12 6.24025543056e-12 1.13118509177e-09
5.1223135843e-13 4.39743367872e-12 7.21275459208e-10
2.54366564738e-13 3.09881913872e-12 4.59905537865e-10
1.26314697825e-13 2.18370093925e-12 2.9324871803e-10
6.27260225926e-14 1.5388280434e-12 1.86983638043e-10
