1 1 1
0.778800783071 0.606530659713 0.778800783071
0.606530659713 0.367879441171 0.606530659713
0.472366552741 0.223130160148 0.472366552741
0.367879441171 0.135335283237 0.367879441171
0.28650479686 0.0820849986239 0.28650479686
0.223130160148 0.0497870683679 0.223130160148
0.17377394345 0.0301973834223 0.17377394345
0.135335283237 0.0183156388887 0.135335283237
0.105399224562 0.0111089965382 0.105399224562
0.0820849986239 0.00673794699909 0.0820849986239
0.0639278612067 0.00408677143846 0.0639278612067
0.0497870683679 0.00247875217667 0.0497870683679
0.0387742078317 0.00150343919298 0.0387742078317
0.0301973834223 0.000911881965555 0.0301973834223
0.023517745856 0.000553084370148 0.023517745856
0.0183156388887 0.000335462627903 0.0183156388887
0.014264233909 0.000203468369011 0.014264233909
0.0111089965382 0.000123409804087 0.0111089965382
0.00865169520312 7.48518298877e-05 0.00865169520312
0.00673794699909 4.53999297625e-05 0.00673794699909
0.00524751839918 2.75364493497e-05 0.00524751839918
0.00408677143846 1.67017007902e-05 0.00408677143846
0.00318278079651 1.01300935986e-05 0.00318278079651
0.00247875217667 6.14421235333e-06 0.00247875217667
0.00193045413623 3.72665317208e-06 0.00193045413623
0.00150343919298 2.26032940698e-06 0.00150343919298
0.00117087962079 1.37095908638e-06 0.00117087962079
0.000911881965555 8.31528719104e-07 0.000911881965555
0.000710174388843 5.04347662568e-07 0.000710174388843
0.000553084370148 3.05902320502e-07 0.000553084370148
0.000430742540576 1.85539136262e-07 0.000430742540576
0.000335462627903 1.12535174719e-07 0.000335462627903

0.951229424501 0.860707976425 0.740818220682
0.740818220682 0.522045776761 0.57694981038
0.57694981038 0.316636769379 0.449328964117
0.449328964117 0.192049908621 0.349937749111
0.349937749111 0.116484157773 0.272531793034
0.272531793034 0.0706512130604 0.212247973827
0.212247973827 0.042852126867 0.165298888222
0.165298888222 0.0259911287788 0.128734903588
0.128734903588 0.0157644164849 0.100258843723
0.100258843723 0.00956160193054 0.0780816660012
0.0780816660012 0.00579940472684 0.0608100626252
0.0608100626252 0.00351751677491 0.0473589243911
0.0473589243911 0.00213348177004 0.0368831674012
0.0368831674012 0.00129402210547 0.0287246396542
0.0287246396542 0.000784864081311 0.0223707718562
0.0223707718562 0.000476044129022 0.0174223746395
0.0174223746395 0.000288735359628 0.0135685590122
0.0135685590122 0.000175126848158 0.0105672043839
0.0105672043839 0.000106219802746 0.00822974704902
0.00822974704902 6.44255670344e-05 0.00640933344626
0.00640933344626 3.90760816757e-05 0.00499159390691
0.00499159390691 2.37008415978e-05 0.00388745724348
0.00388745724348 1.437528709e-05 0.00302755474538
0.00302755474538 8.71905236227e-06 0.00235786200649
0.00235786200649 5.28837258136e-06 0.00183630477703
0.00183630477703 3.20756011058e-06 0.00143011559831
0.00143011559831 1.94548354994e-06 0.00111377514784
0.00111377514784 1.179995421e-06 0.000867408957307
0.000867408957307 7.15703401159e-07 0.000675538775194
0.000675538775194 4.34096056064e-07 0.000526110127116
0.000526110127116 2.63292567263e-07 0.00040973497898
0.00040973497898 1.59695014519e-07 0.000319101922481
0.000319101922481 9.68599225093e-08 0.000248516827108

0.904837418036 0.740818220682 0.548811636094
0.704688089719 0.449328964117 0.427414931949
0.548811636094 0.272531793034 0.332871083698
0.427414931949 0.165298888222 0.259240260646
0.332871083698 0.100258843723 0.201896517995
0.259240260646 0.0608100626252 0.157237166314
0.201896517995 0.0368831674012 0.122456428253
0.157237166314 0.0223707718562 0.0953691622155
0.122456428253 0.0135685590122 0.0742735782143
0.0953691622155 0.00822974704902 0.0578443208748
0.0742735782143 0.00499159390691 0.0450492023936
0.0578443208748 0.00302755474538 0.0350843541008
0.0450492023936 0.00183630477703 0.0273237224473
0.0350843541008 0.00111377514784 0.0212797364384
0.0273237224473 0.000675538775194 0.0165726754018
0.0212797364384 0.00040973497898 0.0129068125805
0.0165726754018 0.000248516827108 0.0100518357446
0.0129068125805 0.000150733075095 0.00782837754923
0.0100518357446 9.14242314782e-05 0.00609674656552
0.00782837754923 5.54515994322e-05 0.00474815099941
0.00609674656552 3.36330951857e-05 0.00369786371648
0.00474815099941 2.03995034112e-05 0.00287989915809
0.00369786371648 1.23729242618e-05 0.00224286771949
0.00287989915809 7.50455791508e-06 0.00174674713626
0.00224286771949 4.55174446308e-06 0.00136036803755
0.00174674713626 2.76077257204e-06 0.00105945569291
0.00136036803755 1.67449320943e-06 0.000825104923266
0.00105945569291 1.015631471e-06 0.000642592360356
0.000825104923266 6.16011626132e-07 0.000500451433441
0.000642592360356 3.73629937989e-07 0.000389751968253
0.000500451433441 2.26618012777e-07 0.000303539138079
0.000389751968253 1.37450772792e-07 0.000236396518429
0.000303539138079 8.33681078996e-08 0.000184105793668

0.860707976425 0.637628151622 0.406569659741
0.670320046036 0.386741023455 0.316636769379
0.522045776761 0.234570288094 0.246596963942
0.406569659741 0.142274071587 0.192049908621
0.316636769379 0.0862935864994 0.149568619223
0.246596963942 0.0523397059484 0.116484157773
0.192049908621 0.0317456363781 0.0907179532894
0.149568619223 0.0192547017754 0.0706512130604
0.116484157773 0.0116785669704 0.0550232200564
0.0907179532894 0.00708340892905 0.042852126867
0.0706512130604 0.00429630469075 0.0333732699603
0.0550232200564 0.00260584051841 0.0259911287788
0.042852126867 0.00158052216874 0.0202419114458
0.0333732699603 0.000958635153694 0.0157644164849
0.0259911287788 0.000581441612194 0.0122773399031
0.0202419114458 0.000352662164628 0.00956160193054
0.0157644164849 0.000213900415368 0.00744658307092
0.0122773399031 0.000129737160046 0.00579940472684
0.00956160193054 7.86895652718e-05 0.00451658094261
0.00744658307092 4.77276339368e-05 0.00351751677491
0.00579940472684 2.89482732982e-05 0.00273944481877
0.00451658094261 1.75580153011e-05 0.00213348177004
0.00351751677491 1.06494746038e-05 0.00166155727317
0.00273944481877 6.45923285705e-06 0.00129402210547
0.00213348177004 3.91772276602e-06 0.00100778542905
0.00166155727317 2.37621897385e-06 0.000784864081311
0.00129402210547 1.44124966183e-06 0.00061125276113
0.00100778542905 8.741621082e-07 0.000476044129022
0.000784864081311 5.30206120182e-07 0.000370743540459
0.00061125276113 3.21586267858e-07 0.000288735359628
0.000476044129022 1.95051931198e-07 0.000224867324179
0.000370743540459 1.18304976508e-07 0.000175126848158
0.000288735359628 7.17555954487e-08 0.000136388926482

0.818730753078 0.548811636094 0.301194211912
0.637628151622 0.332871083698 0.234570288094
0.496585303791 0.201896517995 0.182683524053
0.386741023455 0.122456428253 0.142274071587
0.301194211912 0.0742735782143 0.110803158362
0.234570288094 0.0450492023936 0.0862935864994
0.182683524053 0.0273237224473 0.0672055127397
0.142274071587 0.0165726754018 0.0523397059484
0.110803158362 0.0100518357446 0.0407622039784
0.0862935864994 0.00609674656552 0.0317456363781
0.0672055127397 0.00369786371648 0.0247235264703
0.0523397059484 0.00224286771949 0.0192547017754
0.0407622039784 0.00136036803755 0.0149955768205
0.0317456363781 0.000825104923266 0.0116785669704
0.0247235264703 0.000500451433441 0.0090952771017
0.0192547017754 0.000303539138079 0.00708340892905
0.0149955768205 0.000184105793668 0.00551656442076
0.0116785669704 0.00011166580849 0.00429630469075
0.0090952771017 6.77287364909e-05 0.00334596545747
0.00708340892905 4.10795552253e-05 0.00260584051841
0.00551656442076 2.49160097315e-05 0.0020294306363
0.00429630469075 1.51123238199e-05 0.00158052216874
0.00334596545747 9.16608773625e-06 0.00123091190267
0.00260584051841 5.55951324165e-06 0.000958635153694
0.0020294306363 3.37201523414e-06 0.000746585808377
0.00158052216874 2.04523062452e-06 0.000581441612194
0.00123091190267 1.24049507996e-06 0.000452827182887
0.000958635153694 7.52398299216e-07 0.000352662164628
0.000746585808377 4.5635263679e-07 0.000274653569972
0.000581441612194 2.76791865854e-07 0.000213900415368
0.000452827182887 1.67882753e-07 0.000166585810988
0.000352662164628 1.01826036931e-07 0.000129737160046
0.000274653569972 6.17606133558e-08 0.000101039401837

0.778800783071 0.472366552741 0.223130160148
0.606530659713 0.28650479686 0.17377394345
0.472366552741 0.17377394345 0.135335283237
0.367879441171 0.105399224562 0.105399224562
0.28650479686 0.0639278612067 0.0820849986239
0.223130160148 0.0387742078317 0.0639278612067
0.17377394345 0.023517745856 0.0497870683679
0.135335283237 0.014264233909 0.0387742078317
0.105399224562 0.00865169520312 0.0301973834223
0.0820849986239 0.00524751839918 0.023517745856
0.0639278612067 0.00318278079651 0.0183156388887
0.0497870683679 0.00193045413623 0.014264233909
0.0387742078317 0.00117087962079 0.0111089965382
0.0301973834223 0.000710174388843 0.00865169520312
0.023517745856 0.000430742540576 0.00673794699909
0.0183156388887 0.000261258557302 0.00524751839918
0.014264233909 0.000158461325116 0.00408677143846
0.0111089965382 9.61116520614e-05 0.00318278079651
0.00865169520312 5.82946637309e-05 0.00247875217667
0.00673794699909 3.53575008504e-05 0.00193045413623
0.00524751839918 2.14454083166e-05 0.00150343919298
0.00408677143846 1.30072976541e-05 0.00117087962079
0.00318278079651 7.8893248272e-06 0.000911881965555
0.00247875217667 4.78511739213e-06 0.000710174388843
0.00193045413623 2.90232040865e-06 0.000553084370148
0.00150343919298 1.76034631216e-06 0.000430742540576
0.00117087962079 1.06770401003e-06 0.000335462627903
0.000911881965555 6.47595217584e-07 0.000261258557302
0.000710174388843 3.92786354548e-07 0.000203468369011
0.000553084370148 2.3823696675e-07 0.000158461325116
0.000430742540576 1.44498024611e-07 0.000123409804087
0.000335462627903 8.76424821944e-08 9.61116520614e-05
0.000261258557302 5.31578525442e-08 7.48518298877e-05

0.740818220682 0.406569659741 0.165298888222
0.57694981038 0.246596963942 0.128734903588
0.449328964117 0.149568619223 0.100258843723
0.349937749111 0.0907179532894 0.0780816660012
0.272531793034 0.0550232200564 0.0608100626252
0.212247973827 0.0333732699603 0.0473589243911
0.165298888222 0.0202419114458 0.0368831674012
0.128734903588 0.0122773399031 0.0287246396542
0.100258843723 0.00744658307092 0.0223707718562
0.0780816660012 0.00451658094261 0.0174223746395
0.0608100626252 0.00273944481877 0.0135685590122
0.0473589243911 0.00166155727317 0.0105672043839
0.0368831674012 0.00100778542905 0.00822974704902
0.0287246396542 0.00061125276113 0.00640933344626
0.0223707718562 0.000370743540459 0.00499159390691
0.0174223746395 0.000224867324179 0.00388745724348
0.0135685590122 0.000136388926482 0.00302755474538
0.0105672043839 8.27240655566e-05 0.00235786200649
0.00822974704902 5.01746820562e-05 0.00183630477703
0.00640933344626 3.04324830084e-05 0.00143011559831
0.00499159390691 1.84582339958e-05 0.00111377514784
0.00388745724348 1.11954848426e-05 0.000867408957307
0.00302755474538 6.79040480738e-06 0.000675538775194
0.00235786200649 4.11858870754e-06 0.000526110127116
0.00183630477703 2.49805032587e-06 0.00040973497898
0.00143011559831 1.51514411214e-06 0.000319101922481
0.00111377514784 9.18981357898e-07 0.000248516827108
0.000867408957307 5.57390369269e-07 0.000193545099558
0.000675538775194 3.3807434839e-07 0.000150733075095
0.000526110127116 2.05052457561e-07 0.000117391036919
0.00040973497898 1.2437060236e-07 9.14242314782e-05
0.000319101922481 7.54345834984e-08 7.12012630669e-05
0.000248516827108 4.57533876945e-08 5.54515994322e-05

0.704688089719 0.349937749111 0.122456428253
0.548811636094 0.212247973827 0.0953691622155
0.427414931949 0.128734903588 0.0742735782143
0.332871083698 0.0780816660012 0.0578443208748
0.259240260646 0.0473589243911 0.0450492023936
0.201896517995 0.0287246396542 0.0350843541008
0.157237166314 0.0174223746395 0.0273237224473
0.122456428253 0.0105672043839 0.0212797364384
0.0953691622155 0.00640933344626 0.0165726754018
0.0742735782143 0.00388745724348 0.0129068125805
0.0578443208748 0.00235786200649 0.0100518357446
0.0450492023936 0.00143011559831 0.00782837754923
0.0350843541008 0.000867408957307 0.00609674656552
0.0273237224473 0.000526110127116 0.00474815099941
0.0212797364384 0.000319101922481 0.00369786371648
0.0165726754018 0.000193545099558 0.00287989915809
0.0129068125805 0.000117391036919 0.00224286771949
0.0100518357446 7.12012630669e-05 0.00174674713626
0.00782837754923 4.31857490603e-05 0.00136036803755
0.00609674656552 2.61934808678e-05 0.00105945569291
0.00474815099941 1.58871492309e-05 0.000825104923266
0.00369786371648 9.63604310396e-06 0.000642592360356
0.00287989915809 5.84455558087e-06 0.000500451433441
0.00224286771949 3.54490215219e-06 0.000389751968253
0.00174674713626 2.15009184098e-06 0.000303539138079
0.00136036803755 1.30409662276e-06 0.000236396518429
0.00105945569291 7.90974584929e-07 0.000184105793668
0.000825104923266 4.79750336813e-07 0.000143381736276
0.000642592360356 2.90983288284e-07 0.00011166580849
0.000500451433441 1.76490285808e-07 8.69654190944e-05
0.000389751968253 1.07046769484e-07 6.77287364909e-05
0.000303539138079 6.49271477154e-08 5.27471930155e-05
0.000236396518429 3.93803057371e-08 4.10795552253e-05

0.670320046036 0.301194211912 0.0907179532894
0.522045776761 0.182683524053 0.0706512130604
0.406569659741 0.110803158362 0.0550232200564
0.316636769379 0.0672055127397 0.042852126867
0.246596963942 0.0407622039784 0.0333732699603
0.192049908621 0.0247235264703 0.0259911287788
0.149568619223 0.0149955768205 0.0202419114458
0.116484157773 0.0090952771017 0.0157644164849
0.0907179532894 0.00551656442076 0.0122773399031
0.0706512130604 0.00334596545747 0.00956160193054
0.0550232200564 0.0020294306363 0.00744658307092
0.042852126867 0.00123091190267 0.00579940472684
0.0333732699603 0.000746585808377 0.00451658094261
0.0259911287788 0.000452827182887 0.00351751677491
0.0202419114458 0.000274653569972 0.00273944481877
0.0157644164849 0.000166585810988 0.00213348177004
0.0122773399031 0.000101039401837 0.00166155727317
0.00956160193054 6.12834950532e-05 0.00129402210547
0.00744658307092 3.71703186841e-05 0.00100778542905
0.00579940472684 2.25449379132e-05 0.000784864081311
0.00451658094261 1.36741960657e-05 0.00061125276113
0.00351751677491 8.29381916076e-06 0.000476044129022
0.00273944481877 5.03045560711e-06 0.000370743540459
0.00213348177004 3.05112555804e-06 0.000288735359628
0.00166155727317 1.85060119758e-06 0.000224867324179
0.00129402210547 1.12244636523e-06 0.000175126848158
0.00100778542905 6.80798134398e-07 0.000136388926482
0.000784864081311 4.12924941587e-07 0.000106219802746
0.00061125276113 2.50451637233e-07 8.27240655566e-05
0.000476044129022 1.51906596757e-07 6.44255670344e-05
0.000370743540459 9.21360083457e-08 5.01746820562e-05
0.000288735359628 5.58833139252e-08 3.90760816757e-05
0.000224867324179 3.3894943262e-08 3.04324830084e-05

0.637628151622 0.259240260646 0.0672055127397
0.496585303791 0.157237166314 0.0523397059484
0.386741023455 0.0953691622155 0.0407622039784
0.301194211912 0.0578443208748 0.0317456363781
0.234570288094 0.0350843541008 0.0247235264703
0.182683524053 0.0212797364384 0.0192547017754
0.142274071587 0.0129068125805 0.0149955768205
0.110803158362 0.00782837754923 0.0116785669704
0.0862935864994 0.00474815099941 0.0090952771017
0.0672055127397 0.00287989915809 0.00708340892905
0.0523397059484 0.00174674713626 0.00551656442076
0.0407622039784 0.00105945569291 0.00429630469075
0.0317456363781 0.000642592360356 0.00334596545747
0.0247235264703 0.000389751968253 0.00260584051841
0.0192547017754 0.000236396518429 0.0020294306363
0.0149955768205 0.000143381736276 0.00158052216874
0.0116785669704 8.69654190944e-05 0.00123091190267
0.0090952771017 5.27471930155e-05 0.000958635153694
0.00708340892905 3.19927897777e-05 0.000746585808377
0.00551656442076 1.94046078899e-05 0.000581441612194
0.00429630469075 1.17694896249e-05 0.000452827182887
0.00334596545747 7.13855630669e-06 0.000352662164628
0.00260584051841 4.32975326609e-06 0.000274653569972
0.0020294306363 2.62612810488e-06 0.000213900415368
0.00158052216874 1.59282721194e-06 0.000166585810988
0.00123091190267 9.66098539667e-07 0.000129737160046
0.000958635153694 5.85968384611e-07 0.000101039401837
0.000746585808377 3.55407790889e-07 7.86895652718e-05
0.000581441612194 2.15565721875e-07 6.12834950532e-05
0.000452827182887 1.307472195e-07 4.77276339368e-05
0.000352662164628 7.93021972991e-08 3.71703186841e-05
0.000274653569972 4.80992140445e-08 2.89482732982e-05
0.000213900415368 2.91736480261e-08 2.25449379132e-05

0.606530659713 0.223130160148 0.0497870683679
0.472366552741 0.135335283237 0.0387742078317
0.367879441171 0.0820849986239 0.0301973834223
0.28650479686 0.0497870683679 0.023517745856
0.223130160148 0.0301973834223 0.0183156388887
0.17377394345 0.0183156388887 0.014264233909
0.135335283237 0.0111089965382 0.0111089965382
0.105399224562 0.00673794699909 0.00865169520312
0.0820849986239 0.00408677143846 0.00673794699909
0.0639278612067 0.00247875217667 0.00524751839918
0.0497870683679 0.00150343919298 0.00408677143846
0.0387742078317 0.000911881965555 0.00318278079651
0.0301973834223 0.000553084370148 0.00247875217667
0.023517745856 0.000335462627903 0.00193045413623
0.0183156388887 0.000203468369011 0.00150343919298
0.014264233909 0.000123409804087 0.00117087962079
0.0111089965382 7.48518298877e-05 0.000911881965555
0.00865169520312 4.53999297625e-05 0.000710174388843
0.00673794699909 2.75364493497e-05 0.000553084370148
0.00524751839918 1.67017007902e-05 0.000430742540576
0.00408677143846 1.01300935986e-05 0.000335462627903
0.00318278079651 6.14421235333e-06 0.000261258557302
0.00247875217667 3.72665317208e-06 0.000203468369011
0.00193045413623 2.26032940698e-06 0.000158461325116
0.00150343919298 1.37095908638e-06 0.000123409804087
0.00117087962079 8.31528719104e-07 9.61116520614e-05
0.000911881965555 5.04347662568e-07 7.48518298877e-05
0.000710174388843 3.05902320502e-07 5.82946637309e-05
0.000553084370148 1.85539136262e-07 4.53999297625e-05
0.000430742540576 1.12535174719e-07 3.53575008504e-05
0.000335462627903 6.82560337633e-08 2.75364493497e-05
0.000261258557302 4.13993771879e-08 2.14454083166e-05
0.000203468369011 2.51099915574e-08 1.67017007902e-05

0.57694981038 0.192049908621 0.0368831674012
0.449328964117 0.116484157773 0.0287246396542
0.349937749111 0.0706512130604 0.0223707718562
0.272531793034 0.042852126867 0.0174223746395
0.212247973827 0.0259911287788 0.0135685590122
0.165298888222 0.0157644164849 0.0105672043839
0.128734903588 0.00956160193054 0.00822974704902
0.100258843723 0.00579940472684 0.00640933344626
0.0780816660012 0.00351751677491 0.00499159390691
0.0608100626252 0.00213348177004 0.00388745724348
0.0473589243911 0.00129402210547 0.00302755474538
0.0368831674012 0.000784864081311 0.00235786200649
0.0287246396542 0.000476044129022 0.00183630477703
0.0223707718562 0.000288735359628 0.00143011559831
0.0174223746395 0.000175126848158 0.00111377514784
0.0135685590122 0.000106219802746 0.000867408957307
0.0105672043839 6.44255670344e-05 0.000675538775194
0.00822974704902 3.90760816757e-05 0.000526110127116
0.00640933344626 2.37008415978e-05 0.00040973497898
0.00499159390691 1.437528709e-05 0.000319101922481
0.00388745724348 8.71905236227e-06 0.000248516827108
0.00302755474538 5.28837258136e-06 0.000193545099558
0.00235786200649 3.20756011058e-06 0.000150733075095
0.00183630477703 1.94548354994e-06 0.000117391036919
0.00143011559831 1.179995421e-06 9.14242314782e-05
0.00111377514784 7.15703401159e-07 7.12012630669e-05
0.000867408957307 4.34096056064e-07 5.54515994322e-05
0.000675538775194 2.63292567263e-07 4.31857490603e-05
0.000526110127116 1.59695014519e-07 3.36330951857e-05
0.00040973497898 9.68599225093e-08 2.61934808678e-05
0.000319101922481 5.87485126993e-08 2.03995034112e-05
0.000248516827108 3.56327741646e-08 1.58871492309e-05
0.000193545099558 2.16123700215e-08 1.23729242618e-05

0.548811636094 0.165298888222 0.0273237224473
0.427414931949 0.100258843723 0.0212797364384
0.332871083698 0.0608100626252 0.0165726754018
0.259240260646 0.0368831674012 0.0129068125805
0.201896517995 0.0223707718562 0.0100518357446
0.157237166314 0.0135685590122 0.00782837754923
0.122456428253 0.00822974704902 0.00609674656552
0.0953691622155 0.00499159390691 0.00474815099941
0.0742735782143 0.00302755474538 0.00369786371648
0.0578443208748 0.00183630477703 0.00287989915809
0.0450492023936 0.00111377514784 0.00224286771949
0.0350843541008 0.000675538775194 0.00174674713626
0.0273237224473 0.00040973497898 0.00136036803755
0.0212797364384 0.000248516827108 0.00105945569291
0.0165726754018 0.000150733075095 0.000825104923266
0.0129068125805 9.14242314782e-05 0.000642592360356
0.0100518357446 5.54515994322e-05 0.000500451433441
0.00782837754923 3.36330951857e-05 0.000389751968253
0.00609674656552 2.03995034112e-05 0.000303539138079
0.00474815099941 1.23729242618e-05 0.000236396518429
0.00369786371648 7.50455791508e-06 0.000184105793668
0.00287989915809 4.55174446308e-06 0.000143381736276
0.00224286771949 2.76077257204e-06 0.00011166580849
0.00174674713626 1.67449320943e-06 8.69654190944e-05
0.00136036803755 1.015631471e-06 6.77287364909e-05
0.00105945569291 6.16011626132e-07 5.27471930155e-05
0.000825104923266 3.73629937989e-07 4.10795552253e-05
0.000642592360356 2.26618012777e-07 3.19927897777e-05
0.000500451433441 1.37450772792e-07 2.49160097315e-05
0.000389751968253 8.33681078996e-08 1.94046078899e-05
0.000303539138079 5.05653134834e-08 1.51123238199e-05
0.000236396518429 3.06694129456e-08 1.17694896249e-05
0.000184105793668 1.86019392669e-08 9.16608773625e-06

0.522045776761 0.142274071587 0.0202419114458
0.406569659741 0.0862935864994 0.0157644164849
0.316636769379 0.0523397059484 0.0122773399031
0.246596963942 0.0317456363781 0.00956160193054
0.192049908621 0.0192547017754 0.00744658307092
0.149568619223 0.0116785669704 0.00579940472684
0.116484157773 0.00708340892905 0.00451658094261
0.0907179532894 0.00429630469075 0.00351751677491
0.0706512130604 0.00260584051841 0.00273944481877
0.0550232200564 0.00158052216874 0.00213348177004
0.042852126867 0.000958635153694 0.00166155727317
0.0333732699603 0.000581441612194 0.00129402210547
0.0259911287788 0.000352662164628 0.00100778542905
0.0202419114458 0.000213900415368 0.000784864081311
0.0157644164849 0.000129737160046 0.00061125276113
0.0122773399031 7.86895652718e-05 0.000476044129022
0.00956160193054 4.77276339368e-05 0.000370743540459
0.00744658307092 2.89482732982e-05 0.000288735359628
0.00579940472684 1.75580153011e-05 0.000224867324179
0.00451658094261 1.06494746038e-05 0.000175126848158
0.00351751677491 6.45923285705e-06 0.000136388926482
0.00273944481877 3.91772276602e-06 0.000106219802746
0.00213348177004 2.37621897385e-06 8.27240655566e-05
0.00166155727317 1.44124966183e-06 6.44255670344e-05
0.00129402210547 8.741621082e-07 5.01746820562e-05
0.00100778542905 5.30206120182e-07 3.90760816757e-05
0.000784864081311 3.21586267858e-07 3.04324830084e-05
0.00061125276113 1.95051931198e-07 2.37008415978e-05
0.000476044129022 1.18304976508e-07 1.84582339958e-05
0.000370743540459 7.17555954487e-08 1.437528709e-05
0.000288735359628 4.35219686456e-08 1.11954848426e-05
0.000224867324179 2.63974083546e-08 8.71905236227e-06
0.000175126848158 1.6010837504e-08 6.79040480738e-06

0.496585303791 0.122456428253 0.0149955768205
0.386741023455 0.0742735782143 0.0116785669704
0.301194211912 0.0450492023936 0.0090952771017
0.234570288094 0.0273237224473 0.00708340892905
0.182683524053 0.0165726754018 0.00551656442076
0.142274071587 0.0100518357446 0.00429630469075
0.110803158362 0.00609674656552 0.00334596545747
0.0862935864994 0.00369786371648 0.00260584051841
0.0672055127397 0.00224286771949 0.0020294306363
0.0523397059484 0.00136036803755 0.00158052216874
0.0407622039784 0.000825104923266 0.00123091190267
0.0317456363781 0.000500451433441 0.000958635153694
0.0247235264703 0.000303539138079 0.000746585808377
0.0192547017754 0.000184105793668 0.000581441612194
0.0149955768205 0.00011166580849 0.000452827182887
0.0116785669704 6.77287364909e-05 0.000352662164628
0.0090952771017 4.10795552253e-05 0.000274653569972
0.00708340892905 2.49160097315e-05 0.000213900415368
0.00551656442076 1.51123238199e-05 0.000166585810988
0.00429630469075 9.16608773625e-06 0.000129737160046
0.00334596545747 5.55951324165e-06 0.000101039401837
0.00260584051841 3.37201523414e-06 7.86895652718e-05
0.0020294306363 2.04523062452e-06 6.12834950532e-05
0.00158052216874 1.24049507996e-06 4.77276339368e-05
0.00123091190267 7.52398299216e-07 3.71703186841e-05
0.000958635153694 4.5635263679e-07 2.89482732982e-05
0.000746585808377 2.76791865854e-07 2.25449379132e-05
0.000581441612194 1.67882753e-07 1.75580153011e-05
0.000452827182887 1.01826036931e-07 1.36741960657e-05
0.000352662164628 6.17606133558e-08 1.06494746038e-05
0.000274653569972 3.7459705563e-08 8.29381916076e-06
0.000213900415368 2.27204599277e-08 6.45923285705e-06
0.000166585810988 1.37806555489e-08 5.03045560711e-06

0.472366552741 0.105399224562 0.0111089965382
0.367879441171 0.0639278612067 0.00865169520312
0.28650479686 0.0387742078317 0.00673794699909
0.223130160148 0.023517745856 0.00524751839918
0.17377394345 0.014264233909 0.00408677143846
0.135335283237 0.00865169520312 0.00318278079651
0.105399224562 0.00524751839918 0.00247875217667
0.0820849986239 0.00318278079651 0.00193045413623
0.0639278612067 0.00193045413623 0.00150343919298
0.0497870683679 0.00117087962079 0.00117087962079
0.0387742078317 0.000710174388843 0.000911881965555
0.0301973834223 0.000430742540576 0.000710174388843
0.023517745856 0.000261258557302 0.000553084370148
0.0183156388887 0.000158461325116 0.000430742540576
0.014264233909 9.61116520614e-05 0.000335462627903
0.0111089965382 5.82946637309e-05 0.000261258557302
0.00865169520312 3.53575008504e-05 0.000203468369011
0.00673794699909 2.14454083166e-05 0.000158461325116
0.00524751839918 1.30072976541e-05 0.000123409804087
0.00408677143846 7.8893248272e-06 9.61116520614e-05
0.00318278079651 4.78511739213e-06 7.48518298877e-05
0.00247875217667 2.90232040865e-06 5.82946637309e-05
0.00193045413623 1.76034631216e-06 4.53999297625e-05
0.00150343919298 1.06770401003e-06 3.53575008504e-05
0.00117087962079 6.47595217584e-07 2.75364493497e-05
0.000911881965555 3.92786354548e-07 2.14454083166e-05
0.000710174388843 2.3823696675e-07 1.67017007902e-05
0.000553084370148 1.44498024611e-07 1.30072976541e-05
0.000430742540576 8.76424821944e-08 1.01300935986e-05
0.000335462627903 5.31578525442e-08 7.8893248272e-06
0.000261258557302 3.22418673726e-08 6.14421235333e-06
0.000203468369011 1.95556810879e-08 4.78511739213e-06
0.000158461325116 1.18611201513e-08 3.72665317208e-06

0.449328964117 0.0907179532894 0.00822974704902
0.349937749111 0.0550232200564 0.00640933344626
0.272531793034 0.0333732699603 0.00499159390691
0.212247973827 0.0202419114458 0.00388745724348
0.165298888222 0.0122773399031 0.00302755474538
0.128734903588 0.00744658307092 0.00235786200649
0.100258843723 0.00451658094261 0.00183630477703
0.0780816660012 0.00273944481877 0.00143011559831
0.0608100626252 0.00166155727317 0.00111377514784
0.0473589243911 0.00100778542905 0.000867408957307
0.0368831674012 0.00061125276113 0.000675538775194
0.0287246396542 0.000370743540459 0.000526110127116
0.0223707718562 0.000224867324179 0.00040973497898
0.0174223746395 0.000136388926482 0.000319101922481
0.0135685590122 8.27240655566e-05 0.000248516827108
0.0105672043839 5.01746820562e-05 0.000193545099558
0.00822974704902 3.04324830084e-05 0.000150733075095
0.00640933344626 1.84582339958e-05 0.000117391036919
0.00499159390691 1.11954848426e-05 9.14242314782e-05
0.00388745724348 6.79040480738e-06 7.12012630669e-05
0.00302755474538 4.11858870754e-06 5.54515994322e-05
0.00235786200649 2.49805032587e-06 4.31857490603e-05
0.00183630477703 1.51514411214e-06 3.36330951857e-05
0.00143011559831 9.18981357898e-07 2.61934808678e-05
0.00111377514784 5.57390369269e-07 2.03995034112e-05
0.000867408957307 3.3807434839e-07 1.58871492309e-05
0.000675538775194 2.05052457561e-07 1.23729242618e-05
0.000526110127116 1.2437060236e-07 9.63604310396e-06
0.00040973497898 7.54345834984e-08 7.50455791508e-06
0.000319101922481 4.57533876945e-08 5.84455558087e-06
0.000248516827108 2.77508324224e-08 4.55174446308e-06
0.000193545099558 1.68317306967e-08 3.54490215219e-06
0.000150733075095 1.02089607236e-08 2.76077257204e-06

0.427414931949 0.0780816660012 0.00609674656552
0.332871083698 0.0473589243911 0.00474815099941
0.259240260646 0.0287246396542 0.00369786371648
0.201896517995 0.0174223746395 0.00287989915809
0.157237166314 0.0105672043839 0.00224286771949
0.122456428253 0.00640933344626 0.00174674713626
0.0953691622155 0.00388745724348 0.00136036803755
0.0742735782143 0.00235786200649 0.00105945569291
0.0578443208748 0.00143011559831 0.000825104923266
0.0450492023936 0.000867408957307 0.000642592360356
0.0350843541008 0.000526110127116 0.000500451433441
0.0273237224473 0.000319101922481 0.000389751968253
0.0212797364384 0.000193545099558 0.000303539138079
0.0165726754018 0.000117391036919 0.000236396518429
0.0129068125805 7.12012630669e-05 0.000184105793668
0.0100518357446 4.31857490603e-05 0.000143381736276
0.00782837754923 2.61934808678e-05 0.00011166580849
0.00609674656552 1.58871492309e-05 8.69654190944e-05
0.00474815099941 9.63604310396e-06 6.77287364909e-05
0.00369786371648 5.84455558087e-06 5.27471930155e-05
0.00287989915809 3.54490215219e-06 4.10795552253e-05
0.00224286771949 2.15009184098e-06 3.19927897777e-05
0.00174674713626 1.30409662276e-06 2.49160097315e-05
0.00136036803755 7.90974584929e-07 1.94046078899e-05
0.00105945569291 4.79750336813e-07 1.51123238199e-05
0.000825104923266 2.90983288284e-07 1.17694896249e-05
0.000642592360356 1.76490285808e-07 9.16608773625e-06
0.000500451433441 1.07046769484e-07 7.13855630669e-06
0.000389751968253 6.49271477154e-08 5.55951324165e-06
0.000303539138079 3.93803057371e-08 4.32975326609e-06
0.000236396518429 2.38853628184e-08 3.37201523414e-06
0.000184105793668 1.44872048677e-08 2.62612810488e-06
0.000143381736276 8.78693392581e-09 2.04523062452e-06

0.406569659741 0.0672055127397 0.00451658094261
0.316636769379 0.0407622039784 0.00351751677491
0.246596963942 0.0247235264703 0.00273944481877
0.192049908621 0.0149955768205 0.00213348177004
0.149568619223 0.0090952771017 0.00166155727317
0.116484157773 0.00551656442076 0.00129402210547
0.0907179532894 0.00334596545747 0.00100778542905
0.0706512130604 0.0020294306363 0.000784864081311
0.0550232200564 0.00123091190267 0.00061125276113
0.042852126867 0.000746585808377 0.000476044129022
0.0333732699603 0.000452827182887 0.000370743540459
0.0259911287788 0.000274653569972 0.000288735359628
0.0202419114458 0.000166585810988 0.000224867324179
0.0157644164849 0.000101039401837 0.000175126848158
0.0122773399031 6.12834950532e-05 0.000136388926482
0.00956160193054 3.71703186841e-05 0.000106219802746
0.00744658307092 2.25449379132e-05 8.27240655566e-05
0.00579940472684 1.36741960657e-05 6.44255670344e-05
0.00451658094261 8.29381916076e-06 5.01746820562e-05
0.00351751677491 5.03045560711e-06 3.90760816757e-05
0.00273944481877 3.05112555804e-06 3.04324830084e-05
0.00213348177004 1.85060119758e-06 2.37008415978e-05
0.00166155727317 1.12244636523e-06 1.84582339958e-05
0.00129402210547 6.80798134398e-07 1.437528709e-05
0.00100778542905 4.12924941587e-07 1.11954848426e-05
0.000784864081311 2.50451637233e-07 8.71905236227e-06
0.00061125276113 1.51906596757e-07 6.79040480738e-06
0.000476044129022 9.21360083457e-08 5.28837258136e-06
0.000370743540459 5.58833139252e-08 4.11858870754e-06
0.000288735359628 3.3894943262e-08 3.20756011058e-06
0.000224867324179 2.05583222976e-08 2.49805032587e-06
0.000175126848158 1.24692527858e-08 1.94548354994e-06
0.000136388926482 7.56298411827e-09 1.51514411214e-06

0.386741023455 0.0578443208748 0.00334596545747
0.301194211912 0.0350843541008 0.00260584051841
0.234570288094 0.0212797364384 0.0020294306363
0.182683524053 0.0129068125805 0.00158052216874
0.142274071587 0.00782837754923 0.00123091190267
0.110803158362 0.00474815099941 0.000958635153694
0.0862935864994 0.00287989915809 0.000746585808377
0.0672055127397 0.00174674713626 0.000581441612194
0.0523397059484 0.00105945569291 0.000452827182887
0.0407622039784 0.000642592360356 0.000352662164628
0.0317456363781 0.000389751968253 0.000274653569972
0.0247235264703 0.000236396518429 0.000213900415368
0.0192547017754 0.000143381736276 0.000166585810988
0.0149955768205 8.69654190944e-05 0.000129737160046
0.0116785669704 5.27471930155e-05 0.000101039401837
0.0090952771017 3.19927897777e-05 7.86895652718e-05
0.00708340892905 1.94046078899e-05 6.12834950532e-05
0.00551656442076 1.17694896249e-05 4.77276339368e-05
0.00429630469075 7.13855630669e-06 3.71703186841e-05
0.00334596545747 4.32975326609e-06 2.89482732982e-05
0.00260584051841 2.62612810488e-06 2.25449379132e-05
0.0020294306363 1.59282721194e-06 1.75580153011e-05
0.00158052216874 9.66098539667e-07 1.36741960657e-05
0.00123091190267 5.85968384611e-07 1.06494746038e-05
0.000958635153694 3.55407790889e-07 8.29381916076e-06
0.000746585808377 2.15565721875e-07 6.45923285705e-06
0.000581441612194 1.307472195e-07 5.03045560711e-06
0.000452827182887 7.93021972991e-08 3.91772276602e-06
0.000352662164628 4.80992140445e-08 3.05112555804e-06
0.000274653569972 2.91736480261e-08 2.37621897385e-06
0.000213900415368 1.76947119835e-08 1.85060119758e-06
0.000166585810988 1.07323853328e-08 1.44124966183e-06
0.000129737160046 6.50952075617e-09 1.12244636523e-06

0.367879441171 0.0497870683679 0.00247875217667
0.28650479686 0.0301973834223 0.00193045413623
0.223130160148 0.0183156388887 0.00150343919298
0.17377394345 0.0111089965382 0.00117087962079
0.135335283237 0.00673794699909 0.000911881965555
0.105399224562 0.00408677143846 0.000710174388843
0.0820849986239 0.00247875217667 0.000553084370148
0.0639278612067 0.00150343919298 0.000430742540576
0.0497870683679 0.000911881965555 0.000335462627903
0.0387742078317 0.000553084370148 0.000261258557302
0.0301973834223 0.000335462627903 0.000203468369011
0.023517745856 0.000203468369011 0.000158461325116
0.0183156388887 0.000123409804087 0.000123409804087
0.014264233909 7.48518298877e-05 9.61116520614e-05
0.0111089965382 4.53999297625e-05 7.48518298877e-05
0.00865169520312 2.75364493497e-05 5.82946637309e-05
0.00673794699909 1.67017007902e-05 4.53999297625e-05
0.00524751839918 1.01300935986e-05 3.53575008504e-05
0.00408677143846 6.14421235333e-06 2.75364493497e-05
0.00318278079651 3.72665317208e-06 2.14454083166e-05
0.00247875217667 2.26032940698e-06 1.67017007902e-05
0.00193045413623 1.37095908638e-06 1.30072976541e-05
0.00150343919298 8.31528719104e-07 1.01300935986e-05
0.00117087962079 5.04347662568e-07 7.8893248272e-06
0.000911881965555 3.05902320502e-07 6.14421235333e-06
0.000710174388843 1.85539136262e-07 4.78511739213e-06
0.000553084370148 1.12535174719e-07 3.72665317208e-06
0.000430742540576 6.82560337633e-08 2.90232040865e-06
0.000335462627903 4.13993771879e-08 2.26032940698e-06
0.000261258557302 2.51099915574e-08 1.76034631216e-06
0.000203468369011 1.52299797447e-08 1.37095908638e-06
0.000158461325116 9.23744966197e-09 1.06770401003e-06
0.000123409804087 5.60279643754e-09 8.31528719104e-07

0.349937749111 0.042852126867 0.00183630477703
0.272531793034 0.0259911287788 0.00143011559831
0.212247973827 0.0157644164849 0.00111377514784
0.165298888222 0.00956160193054 0.000867408957307
0.128734903588 0.00579940472684 0.000675538775194
0.100258843723 0.00351751677491 0.000526110127116
0.0780816660012 0.00213348177004 0.00040973497898
0.0608100626252 0.00129402210547 0.000319101922481
0.0473589243911 0.000784864081311 0.000248516827108
0.0368831674012 0.000476044129022 0.000193545099558
0.0287246396542 0.000288735359628 0.000150733075095
0.0223707718562 0.000175126848158 0.000117391036919
0.0174223746395 0.000106219802746 9.14242314782e-05
0.0135685590122 6.44255670344e-05 7.12012630669e-05
0.0105672043839 3.90760816757e-05 5.54515994322e-05
0.00822974704902 2.37008415978e-05 4.31857490603e-05
0.00640933344626 1.437528709e-05 3.36330951857e-05
0.00499159390691 8.71905236227e-06 2.61934808678e-05
0.00388745724348 5.28837258136e-06 2.03995034112e-05
0.00302755474538 3.20756011058e-06 1.58871492309e-05
0.00235786200649 1.94548354994e-06 1.23729242618e-05
0.00183630477703 1.179995421e-06 9.63604310396e-06
0.00143011559831 7.15703401159e-07 7.50455791508e-06
0.00111377514784 4.34096056064e-07 5.84455558087e-06
0.000867408957307 2.63292567263e-07 4.55174446308e-06
0.000675538775194 1.59695014519e-07 3.54490215219e-06
0.000526110127116 9.68599225093e-08 2.76077257204e-06
0.00040973497898 5.87485126993e-08 2.15009184098e-06
0.000319101922481 3.56327741646e-08 1.67449320943e-06
0.000248516827108 2.16123700215e-08 1.30409662276e-06
0.000193545099558 1.31085650471e-08 1.015631471e-06
0.000150733075095 7.95074660588e-09 7.90974584929e-07
0.000117391036919 4.82237158407e-09 6.16011626132e-07

0.332871083698 0.0368831674012 0.00136036803755
0.259240260646 0.0223707718562 0.00105945569291
0.201896517995 0.0135685590122 0.000825104923266
0.157237166314 0.00822974704902 0.000642592360356
0.122456428253 0.00499159390691 0.000500451433441
0.0953691622155 0.00302755474538 0.000389751968253
0.0742735782143 0.00183630477703 0.000303539138079
0.0578443208748 0.00111377514784 0.000236396518429
0.0450492023936 0.000675538775194 0.000184105793668
0.0350843541008 0.00040973497898 0.000143381736276
0.0273237224473 0.000248516827108 0.00011166580849
0.0212797364384 0.000150733075095 8.69654190944e-05
0.0165726754018 9.14242314782e-05 6.77287364909e-05
0.0129068125805 5.54515994322e-05 5.27471930155e-05
0.0100518357446 3.36330951857e-05 4.10795552253e-05
0.00782837754923 2.03995034112e-05 3.19927897777e-05
0.00609674656552 1.23729242618e-05 2.49160097315e-05
0.00474815099941 7.50455791508e-06 1.94046078899e-05
0.00369786371648 4.55174446308e-06 1.51123238199e-05
0.00287989915809 2.76077257204e-06 1.17694896249e-05
0.00224286771949 1.67449320943e-06 9.16608773625e-06
0.00174674713626 1.015631471e-06 7.13855630669e-06
0.00136036803755 6.16011626132e-07 5.55951324165e-06
0.00105945569291 3.73629937989e-07 4.32975326609e-06
0.000825104923266 2.26618012777e-07 3.37201523414e-06
0.000642592360356 1.37450772792e-07 2.62612810488e-06
0.000500451433441 8.33681078996e-08 2.04523062452e-06
0.000389751968253 5.05653134834e-08 1.59282721194e-06
0.000303539138079 3.06694129456e-08 1.24049507996e-06
0.000236396518429 1.86019392669e-08 9.66098539667e-07
0.000184105793668 1.12826464955e-08 7.52398299216e-07
0.000143381736276 6.84327102222e-09 5.85968384611e-07
0.00011166580849 4.1506536877e-09 4.5635263679e-07

0.316636769379 0.0317456363781 0.00100778542905
0.246596963942 0.0192547017754 0.000784864081311
0.192049908621 0.0116785669704 0.00061125276113
0.149568619223 0.00708340892905 0.000476044129022
0.116484157773 0.00429630469075 0.000370743540459
0.0907179532894 0.00260584051841 0.000288735359628
0.0706512130604 0.00158052216874 0.000224867324179
0.0550232200564 0.000958635153694 0.000175126848158
0.042852126867 0.000581441612194 0.000136388926482
0.0333732699603 0.000352662164628 0.000106219802746
0.0259911287788 0.000213900415368 8.27240655566e-05
0.0202419114458 0.000129737160046 6.44255670344e-05
0.0157644164849 7.86895652718e-05 5.01746820562e-05
0.0122773399031 4.77276339368e-05 3.90760816757e-05
0.00956160193054 2.89482732982e-05 3.04324830084e-05
0.00744658307092 1.75580153011e-05 2.37008415978e-05
0.00579940472684 1.06494746038e-05 1.84582339958e-05
0.00451658094261 6.45923285705e-06 1.437528709e-05
0.00351751677491 3.91772276602e-06 1.11954848426e-05
0.00273944481877 2.37621897385e-06 8.71905236227e-06
0.00213348177004 1.44124966183e-06 6.79040480738e-06
0.00166155727317 8.741621082e-07 5.28837258136e-06
0.00129402210547 5.30206120182e-07 4.11858870754e-06
0.00100778542905 3.21586267858e-07 3.20756011058e-06
0.000784864081311 1.95051931198e-07 2.49805032587e-06
0.00061125276113 1.18304976508e-07 1.94548354994e-06
0.000476044129022 7.17555954487e-08 1.51514411214e-06
0.000370743540459 4.35219686456e-08 1.179995421e-06
0.000288735359628 2.63974083546e-08 9.18981357898e-07
0.000224867324179 1.6010837504e-08 7.15703401159e-07
0.000175126848158 9.71106383386e-09 5.57390369269e-07
0.000136388926482 5.89005795366e-09 4.34096056064e-07
0.000106219802746 3.57250073638e-09 3.3807434839e-07

0.301194211912 0.0273237224473 0.000746585808377
0.234570288094 0.0165726754018 0.000581441612194
0.182683524053 0.0100518357446 0.000452827182887
0.142274071587 0.00609674656552 0.000352662164628
0.110803158362 0.00369786371648 0.000274653569972
0.0862935864994 0.00224286771949 0.000213900415368
0.0672055127397 0.00136036803755 0.000166585810988
0.0523397059484 0.000825104923266 0.000129737160046
0.0407622039784 0.000500451433441 0.000101039401837
0.0317456363781 0.000303539138079 7.86895652718e-05
0.0247235264703 0.000184105793668 6.12834950532e-05
0.0192547017754 0.00011166580849 4.77276339368e-05
0.0149955768205 6.77287364909e-05 3.71703186841e-05
0.0116785669704 4.10795552253e-05 2.89482732982e-05
0.0090952771017 2.49160097315e-05 2.25449379132e-05
0.00708340892905 1.51123238199e-05 1.75580153011e-05
0.00551656442076 9.16608773625e-06 1.36741960657e-05
0.00429630469075 5.55951324165e-06 1.06494746038e-05
0.00334596545747 3.37201523414e-06 8.29381916076e-06
0.00260584051841 2.04523062452e-06 6.45923285705e-06
0.0020294306363 1.24049507996e-06 5.03045560711e-06
0.00158052216874 7.52398299216e-07 3.91772276602e-06
0.00123091190267 4.5635263679e-07 3.05112555804e-06
0.000958635153694 2.76791865854e-07 2.37621897385e-06
0.000746585808377 1.67882753e-07 1.85060119758e-06
0.000581441612194 1.01826036931e-07 1.44124966183e-06
0.000452827182887 6.17606133558e-08 1.12244636523e-06
0.000352662164628 3.7459705563e-08 8.741621082e-07
0.000274653569972 2.27204599277e-08 6.80798134398e-07
0.000213900415368 1.37806555489e-08 5.30206120182e-07
0.000166585810988 8.35839010137e-09 4.12924941587e-07
0.000129737160046 5.06961986232e-09 3.21586267858e-07
0.000101039401837 3.07487987959e-09 2.50451637233e-07

0.28650479686 0.023517745856 0.000553084370148
0.223130160148 0.014264233909 0.000430742540576
0.17377394345 0.00865169520312 0.000335462627903
0.135335283237 0.00524751839918 0.000261258557302
0.105399224562 0.00318278079651 0.000203468369011
0.0820849986239 0.00193045413623 0.000158461325116
0.0639278612067 0.00117087962079 0.000123409804087
0.0497870683679 0.000710174388843 9.61116520614e-05
0.0387742078317 0.000430742540576 7.48518298877e-05
0.0301973834223 0.000261258557302 5.82946637309e-05
0.023517745856 0.000158461325116 4.53999297625e-05
0.0183156388887 9.61116520614e-05 3.53575008504e-05
0.014264233909 5.82946637309e-05 2.75364493497e-05
0.0111089965382 3.53575008504e-05 2.14454083166e-05
0.00865169520312 2.14454083166e-05 1.67017007902e-05
0.00673794699909 1.30072976541e-05 1.30072976541e-05
0.00524751839918 7.8893248272e-06 1.01300935986e-05
0.00408677143846 4.78511739213e-06 7.8893248272e-06
0.00318278079651 2.90232040865e-06 6.14421235333e-06
0.00247875217667 1.76034631216e-06 4.78511739213e-06
0.00193045413623 1.06770401003e-06 3.72665317208e-06
0.00150343919298 6.47595217584e-07 2.90232040865e-06
0.00117087962079 3.92786354548e-07 2.26032940698e-06
0.000911881965555 2.3823696675e-07 1.76034631216e-06
0.000710174388843 1.44498024611e-07 1.37095908638e-06
0.000553084370148 8.76424821944e-08 1.06770401003e-06
0.000430742540576 5.31578525442e-08 8.31528719104e-07
0.000335462627903 3.22418673726e-08 6.47595217584e-07
0.000261258557302 1.95556810879e-08 5.04347662568e-07
0.000203468369011 1.18611201513e-08 3.92786354548e-07
0.000158461325116 7.19413303033e-09 3.05902320502e-07
0.000123409804087 4.36346225294e-09 2.3823696675e-07
9.61116520614e-05 2.64657363891e-09 1.85539136262e-07

0.272531793034 0.0202419114458 0.00040973497898
0.212247973827 0.0122773399031 0.000319101922481
0.165298888222 0.00744658307092 0.000248516827108
0.128734903588 0.00451658094261 0.000193545099558
0.100258843723 0.00273944481877 0.000150733075095
0.0780816660012 0.00166155727317 0.000117391036919
0.0608100626252 0.00100778542905 9.14242314782e-05
0.0473589243911 0.00061125276113 7.12012630669e-05
0.0368831674012 0.000370743540459 5.54515994322e-05
0.0287246396542 0.000224867324179 4.31857490603e-05
0.0223707718562 0.000136388926482 3.36330951857e-05
0.0174223746395 8.27240655566e-05 2.61934808678e-05
0.0135685590122 5.01746820562e-05 2.03995034112e-05
0.0105672043839 3.04324830084e-05 1.58871492309e-05
0.00822974704902 1.84582339958e-05 1.23729242618e-05
0.00640933344626 1.11954848426e-05 9.63604310396e-06
0.00499159390691 6.79040480738e-06 7.50455791508e-06
0.00388745724348 4.11858870754e-06 5.84455558087e-06
0.00302755474538 2.49805032587e-06 4.55174446308e-06
0.00235786200649 1.51514411214e-06 3.54490215219e-06
0.00183630477703 9.18981357898e-07 2.76077257204e-06
0.00143011559831 5.57390369269e-07 2.15009184098e-06
0.00111377514784 3.3807434839e-07 1.67449320943e-06
0.000867408957307 2.05052457561e-07 1.30409662276e-06
0.000675538775194 1.2437060236e-07 1.015631471e-06
0.000526110127116 7.54345834984e-08 7.90974584929e-07
0.00040973497898 4.57533876945e-08 6.16011626132e-07
0.000319101922481 2.77508324224e-08 4.79750336813e-07
0.000248516827108 1.68317306967e-08 3.73629937989e-07
0.000193545099558 1.02089607236e-08 2.90983288284e-07
0.000150733075095 6.19204768266e-09 2.26618012777e-07
0.000117391036919 3.75566676594e-09 1.76490285808e-07
9.14242314782e-05 2.27792704121e-09 1.37450772792e-07

0.259240260646 0.0174223746395 0.000303539138079
0.201896517995 0.0105672043839 0.000236396518429
0.157237166314 0.00640933344626 0.000184105793668
0.122456428253 0.00388745724348 0.000143381736276
0.0953691622155 0.00235786200649 0.00011166580849
0.0742735782143 0.00143011559831 8.69654190944e-05
0.0578443208748 0.000867408957307 6.77287364909e-05
0.0450492023936 0.000526110127116 5.27471930155e-05
0.0350843541008 0.000319101922481 4.10795552253e-05
0.0273237224473 0.000193545099558 3.19927897777e-05
0.0212797364384 0.000117391036919 2.49160097315e-05
0.0165726754018 7.12012630669e-05 1.94046078899e-05
0.0129068125805 4.31857490603e-05 1.51123238199e-05
0.0100518357446 2.61934808678e-05 1.17694896249e-05
0.00782837754923 1.58871492309e-05 9.16608773625e-06
0.00609674656552 9.63604310396e-06 7.13855630669e-06
0.00474815099941 5.84455558087e-06 5.55951324165e-06
0.00369786371648 3.54490215219e-06 4.32975326609e-06
0.00287989915809 2.15009184098e-06 3.37201523414e-06
0.00224286771949 1.30409662276e-06 2.62612810488e-06
0.00174674713626 7.90974584929e-07 2.04523062452e-06
0.00136036803755 4.79750336813e-07 1.59282721194e-06
0.00105945569291 2.90983288284e-07 1.24049507996e-06
0.000825104923266 1.76490285808e-07 9.66098539667e-07
0.000642592360356 1.07046769484e-07 7.52398299216e-07
0.000500451433441 6.49271477154e-08 5.85968384611e-07
0.000389751968253 3.93803057371e-08 4.5635263679e-07
0.000303539138079 2.38853628184e-08 3.55407790889e-07
0.000236396518429 1.44872048677e-08 2.76791865854e-07
0.000184105793668 8.78693392581e-09 2.15565721875e-07
0.000143381736276 5.32954483087e-09 1.67882753e-07
0.00011166580849 3.23253234224e-09 1.307472195e-07
8.69654190944e-05 1.96062997408e-09 1.01826036931e-07

0.246596963942 0.0149955768205 0.000224867324179
0.192049908621 0.0090952771017 0.000175126848158
0.149568619223 0.00551656442076 0.000136388926482
0.116484157773 0.00334596545747 0.000106219802746
0.0907179532894 0.0020294306363 8.27240655566e-05
0.0706512130604 0.00123091190267 6.44255670344e-05
0.0550232200564 0.000746585808377 5.01746820562e-05
0.042852126867 0.000452827182887 3.90760816757e-05
0.0333732699603 0.000274653569972 3.04324830084e-05
0.0259911287788 0.000166585810988 2.37008415978e-05
0.0202419114458 0.000101039401837 1.84582339958e-05
0.0157644164849 6.12834950532e-05 1.437528709e-05
0.0122773399031 3.71703186841e-05 1.11954848426e-05
0.00956160193054 2.25449379132e-05 8.71905236227e-06
0.00744658307092 1.36741960657e-05 6.79040480738e-06
0.00579940472684 8.29381916076e-06 5.28837258136e-06
0.00451658094261 5.03045560711e-06 4.11858870754e-06
0.00351751677491 3.05112555804e-06 3.20756011058e-06
0.00273944481877 1.85060119758e-06 2.49805032587e-06
0.00213348177004 1.12244636523e-06 1.94548354994e-06
0.00166155727317 6.80798134398e-07 1.51514411214e-06
0.00129402210547 4.12924941587e-07 1.179995421e-06
0.00100778542905 2.50451637233e-07 9.18981357898e-07
0.000784864081311 1.51906596757e-07 7.15703401159e-07
0.00061125276113 9.21360083457e-08 5.57390369269e-07
0.000476044129022 5.58833139252e-08 4.34096056064e-07
0.000370743540459 3.3894943262e-08 3.3807434839e-07
0.000288735359628 2.05583222976e-08 2.63292567263e-07
0.000224867324179 1.24692527858e-08 2.05052457561e-07
0.000175126848158 7.56298411827e-09 1.59695014519e-07
0.000136388926482 4.58718174665e-09 1.2437060236e-07
0.000106219802746 2.78226637102e-09 9.68599225093e-08
8.27240655566e-05 1.68752985751e-09 7.54345834984e-08

0.234570288094 0.0129068125805 0.000166585810988
0.182683524053 0.00782837754923 0.000129737160046
0.142274071587 0.00474815099941 0.000101039401837
0.110803158362 0.00287989915809 7.86895652718e-05
0.0862935864994 0.00174674713626 6.12834950532e-05
0.0672055127397 0.00105945569291 4.77276339368e-05
0.0523397059484 0.000642592360356 3.71703186841e-05
0.0407622039784 0.000389751968253 2.89482732982e-05
0.0317456363781 0.000236396518429 2.25449379132e-05
0.0247235264703 0.000143381736276 1.75580153011e-05
0.0192547017754 8.69654190944e-05 1.36741960657e-05
0.0149955768205 5.27471930155e-05 1.06494746038e-05
0.0116785669704 3.19927897777e-05 8.29381916076e-06
0.0090952771017 1.94046078899e-05 6.45923285705e-06
0.00708340892905 1.17694896249e-05 5.03045560711e-06
0.00551656442076 7.13855630669e-06 3.91772276602e-06
0.00429630469075 4.32975326609e-06 3.05112555804e-06
0.00334596545747 2.62612810488e-06 2.37621897385e-06
0.00260584051841 1.59282721194e-06 1.85060119758e-06
0.0020294306363 9.66098539667e-07 1.44124966183e-06
0.00158052216874 5.85968384611e-07 1.12244636523e-06
0.00123091190267 3.55407790889e-07 8.741621082e-07
0.000958635153694 2.15565721875e-07 6.80798134398e-07
0.000746585808377 1.307472195e-07 5.30206120182e-07
0.000581441612194 7.93021972991e-08 4.12924941587e-07
0.000452827182887 4.80992140445e-08 3.21586267858e-07
0.000352662164628 2.91736480261e-08 2.50451637233e-07
0.000274653569972 1.76947119835e-08 1.95051931198e-07
0.000213900415368 1.07323853328e-08 1.51906596757e-07
0.000166585810988 6.50952075617e-09 1.18304976508e-07
0.000129737160046 3.94822391865e-09 9.21360083457e-08
0.000101039401837 2.39471885807e-09 7.17555954487e-08
7.86895652718e-05 1.45247040881e-09 5.58833139252e-08

0.223130160148 0.0111089965382 0.000123409804087
0.17377394345 0.00673794699909 9.61116520614e-05
0.135335283237 0.00408677143846 7.48518298877e-05
0.105399224562 0.00247875217667 5.82946637309e-05
0.0820849986239 0.00150343919298 4.53999297625e-05
0.0639278612067 0.000911881965555 3.53575008504e-05
0.0497870683679 0.000553084370148 2.75364493497e-05
0.0387742078317 0.000335462627903 2.14454083166e-05
0.0301973834223 0.000203468369011 1.67017007902e-05
0.023517745856 0.000123409804087 1.30072976541e-05
0.0183156388887 7.48518298877e-05 1.01300935986e-05
0.014264233909 4.53999297625e-05 7.8893248272e-06
0.0111089965382 2.75364493497e-05 6.14421235333e-06
0.00865169520312 1.67017007902e-05 4.78511739213e-06
0.00673794699909 1.01300935986e-05 3.72665317208e-06
0.00524751839918 6.14421235333e-06 2.90232040865e-06
0.00408677143846 3.72665317208e-06 2.26032940698e-06
0.00318278079651 2.26032940698e-06 1.76034631216e-06
0.00247875217667 1.37095908638e-06 1.37095908638e-06
0.00193045413623 8.31528719104e-07 1.06770401003e-06
0.00150343919298 5.04347662568e-07 8.31528719104e-07
0.00117087962079 3.05902320502e-07 6.47595217584e-07
0.000911881965555 1.85539136262e-07 5.04347662568e-07
0.000710174388843 1.12535174719e-07 3.92786354548e-07
0.000553084370148 6.82560337633e-08 3.05902320502e-07
0.000430742540576 4.13993771879e-08 2.3823696675e-07
0.000335462627903 2.51099915574e-08 1.85539136262e-07
0.000261258557302 1.52299797447e-08 1.44498024611e-07
0.000203468369011 9.23744966197e-09 1.12535174719e-07
0.000158461325116 5.60279643754e-09 8.76424821944e-08
0.000123409804087 3.3982678195e-09 6.82560337633e-08
9.61116520614e-05 2.06115362244e-09 5.31578525442e-08
7.48518298877e-05 1.25015286639e-09 4.13993771879e-08

0.212247973827 0.00956160193054 9.14242314782e-05
0.165298888222 0.00579940472684 7.12012630669e-05
0.128734903588 0.00351751677491 5.54515994322e-05
0.100258843723 0.00213348177004 4.31857490603e-05
0.0780816660012 0.00129402210547 3.36330951857e-05
0.0608100626252 0.000784864081311 2.61934808678e-05
0.0473589243911 0.000476044129022 2.03995034112e-05
0.0368831674012 0.000288735359628 1.58871492309e-05
0.0287246396542 0.000175126848158 1.23729242618e-05
0.0223707718562 0.000106219802746 9.63604310396e-06
0.0174223746395 6.44255670344e-05 7.50455791508e-06
0.0135685590122 3.90760816757e-05 5.84455558087e-06
0.0105672043839 2.37008415978e-05 4.55174446308e-06
0.00822974704902 1.437528709e-05 3.54490215219e-06
0.00640933344626 8.71905236227e-06 2.76077257204e-06
0.00499159390691 5.28837258136e-06 2.15009184098e-06
0.00388745724348 3.20756011058e-06 1.67449320943e-06
0.00302755474538 1.94548354994e-06 1.30409662276e-06
0.00235786200649 1.179995421e-06 1.015631471e-06
0.00183630477703 7.15703401159e-07 7.90974584929e-07
0.00143011559831 4.34096056064e-07 6.16011626132e-07
0.00111377514784 2.63292567263e-07 4.79750336813e-07
0.000867408957307 1.59695014519e-07 3.73629937989e-07
0.000675538775194 9.68599225093e-08 2.90983288284e-07
0.000526110127116 5.87485126993e-08 2.26618012777e-07
0.00040973497898 3.56327741646e-08 1.76490285808e-07
0.000319101922481 2.16123700215e-08 1.37450772792e-07
0.000248516827108 1.31085650471e-08 1.07046769484e-07
0.000193545099558 7.95074660588e-09 8.33681078996e-08
0.000150733075095 4.82237158407e-09 6.49271477154e-08
0.000117391036919 2.92491621827e-09 5.05653134834e-08
9.14242314782e-05 1.77405136347e-09 3.93803057371e-08
7.12012630669e-05 1.07601654385e-09 3.06694129456e-08

0.201896517995 0.00822974704902 6.77287364909e-05
0.157237166314 0.00499159390691 5.27471930155e-05
0.122456428253 0.00302755474538 4.10795552253e-05
0.0953691622155 0.00183630477703 3.19927897777e-05
0.0742735782143 0.00111377514784 2.49160097315e-05
0.0578443208748 0.000675538775194 1.94046078899e-05
0.0450492023936 0.00040973497898 1.51123238199e-05
0.0350843541008 0.000248516827108 1.17694896249e-05
0.0273237224473 0.000150733075095 9.16608773625e-06
0.0212797364384 9.14242314782e-05 7.13855630669e-06
0.0165726754018 5.54515994322e-05 5.55951324165e-06
0.0129068125805 3.36330951857e-05 4.32975326609e-06
0.0100518357446 2.03995034112e-05 3.37201523414e-06
0.00782837754923 1.23729242618e-05 2.62612810488e-06
0.00609674656552 7.50455791508e-06 2.04523062452e-06
0.00474815099941 4.55174446308e-06 1.59282721194e-06
0.00369786371648 2.76077257204e-06 1.24049507996e-06
0.00287989915809 1.67449320943e-06 9.66098539667e-07
0.00224286771949 1.015631471e-06 7.52398299216e-07
0.00174674713626 6.16011626132e-07 5.85968384611e-07
0.00136036803755 3.73629937989e-07 4.5635263679e-07
0.00105945569291 2.26618012777e-07 3.55407790889e-07
0.000825104923266 1.37450772792e-07 2.76791865854e-07
0.000642592360356 8.33681078996e-08 2.15565721875e-07
0.000500451433441 5.05653134834e-08 1.67882753e-07
0.000389751968253 3.06694129456e-08 1.307472195e-07
0.000303539138079 1.86019392669e-08 1.01826036931e-07
0.000236396518429 1.12826464955e-08 7.93021972991e-08
0.000184105793668 6.84327102222e-09 6.17606133558e-08
0.000143381736276 4.1506536877e-09 4.80992140445e-08
0.00011166580849 2.51749871944e-09 3.7459705563e-08
8.69654190944e-05 1.52694015913e-09 2.91736480261e-08
6.77287364909e-05 9.26136022057e-10 2.27204599277e-08
