0 0
0.0025 1.5625e-08
0.005 1.25e-07
0.0075 4.21875e-07
0.01 1e-06
0.0125 1.953125e-06
0.015 3.375e-06
0.0175 5.359375e-06
0.02 8e-06
0.0225 1.1390625e-05
0.025 1.5625e-05
0.0275 2.0796875e-05
0.03 2.7e-05
0.0325 3.4328125e-05
0.035 4.2875e-05
0.0375 5.2734375e-05
0.04 6.4e-05
0.0425 7.6765625e-05
0.045 9.1125e-05
0.0475 0.000107171875
0.05 0.000125
0.0525 0.000144703125
0.055 0.000166375
0.0575 0.000190109375
0.06 0.000216
0.0625 0.000244140625
0.065 0.000274625
0.0675 0.000307546875
0.07 0.000343
0.0725 0.000381078125
0.075 0.000421875
0.0775 0.000465484375
0.08 0.000512
0.0825 0.000561515625
0.085 0.000614125
0.0875 0.000669921875
0.09 0.000729
0.0925 0.000791453125
0.095 0.000857375
0.0975 0.000926859375
0.1 0.001
0.1025 0.001076890625
0.105 0.001157625
0.1075 0.001242296875
0.11 0.001331
0.1125 0.001423828125
0.115 0.001520875
0.1175 0.001622234375
0.12 0.001728
0.1225 0.001838265625
0.125 0.001953125
0.1275 0.002072671875
0.13 0.002197
0.1325 0.002326203125
0.135 0.002460375
0.1375 0.002599609375
0.14 0.002744
0.1425 0.002893640625
0.145 0.003048625
0.1475 0.003209046875
0.15 0.003375
0.1525 0.003546578125
0.155 0.003723875
0.1575 0.003906984375
0.16 0.004096
0.1625 0.004291015625
0.165 0.004492125
0.1675 0.004699421875
0.17 0.004913
0.1725 0.005132953125
0.175 0.005359375
0.1775 0.005592359375
0.18 0.005832
0.1825 0.006078390625
0.185 0.006331625
0.1875 0.006591796875
0.19 0.006859
0.1925 0.007133328125
0.195 0.007414875
0.1975 0.007703734375
0.2 0.008
0.2025 0.008303765625
0.205 0.008615125
0.2075 0.008934171875
0.21 0.009261
0.2125 0.009595703125
0.215 0.009938375
0.2175 0.010289109375
0.22 0.010648
0.2225 0.011015140625
0.225 0.011390625
0.2275 0.011774546875
0.23 0.012167
0.2325 0.012568078125
0.235 0.012977875
0.2375 0.013396484375
0.24 0.013824
0.2425 0.014260515625
0.245 0.014706125
0.2475 0.015160921875
0.25 0.015625
0.2525 0.016098453125
0.255 0.016581375
0.2575 0.017073859375
0.26 0.017576
0.2625 0.018087890625
0.265 0.018609625
0.2675 0.019141296875
0.27 0.019683
0.2725 0.020234828125
0.275 0.020796875
0.2775 0.021369234375
0.28 0.021952
0.2825 0.022545265625
0.285 0.023149125
0.2875 0.023763671875
0.29 0.024389
0.2925 0.025025203125
0.295 0.025672375
0.2975 0.026330609375
0.3 0.027
0.3025 0.027680640625
0.305 0.028372625
0.3075 0.029076046875
0.31 0.029791
0.3125 0.030517578125
0.315 0.031255875
0.3175 0.032005984375
0.32 0.032768
0.3225 0.033542015625
0.325 0.034328125
0.3275 0.035126421875
0.33 0.035937
0.3325 0.036759953125
0.335 0.037595375
0.3375 0.038443359375
0.34 0.039304
0.3425 0.040177390625
0.345 0.041063625
0.3475 0.041962796875
0.35 0.042875
0.3525 0.043800328125
0.355 0.044738875
0.3575 0.045690734375
0.36 0.046656
0.3625 0.047634765625
0.365 0.048627125
0.3675 0.049633171875
0.37 0.050653
0.3725 0.051686703125
0.375 0.052734375
0.3775 0.053796109375
0.38 0.054872
0.3825 0.055962140625
0.385 0.057066625
0.3875 0.058185546875
0.39 0.059319
0.3925 0.060467078125
0.395 0.061629875
0.3975 0.062807484375
0.4 0.064
0.4025 0.065207515625
0.405 0.066430125
0.4075 0.067667921875
0.41 0.068921
0.4125 0.070189453125
0.415 0.071473375
0.4175 0.072772859375
0.42 0.074088
0.4225 0.075418890625
0.425 0.076765625
0.4275 0.078128296875
0.43 0.079507
0.4325 0.080901828125
0.435 0.082312875
0.4375 0.083740234375
0.44 0.085184
0.4425 0.086644265625
0.445 0.088121125
0.4475 0.089614671875
0.45 0.091125
0.4525 0.092652203125
0.455 0.094196375
0.4575 0.095757609375
0.46 0.097336
0.4625 0.098931640625
0.465 0.100544625
0.4675 0.102175046875
0.47 0.103823
0.4725 0.105488578125
0.475 0.107171875
0.4775 0.108872984375
0.48 0.110592
0.4825 0.112329015625
0.485 0.114084125
0.4875 0.115857421875
0.49 0.117649
0.4925 0.119458953125
0.495 0.121287375
0.4975 0.123134359375
0.5 0.125
0.5025 0.126884390625
0.505 0.128787625
0.5075 0.130709796875
0.51 0.132651
0.5125 0.134611328125
0.515 0.136590875
0.5175 0.138589734375
0.52 0.140608
0.5225 0.142645765625
0.525 0.144703125
0.5275 0.146780171875
0.53 0.148877
0.5325 0.150993703125
0.535 0.153130375
0.5375 0.155287109375
0.54 0.157464
0.5425 0.159661140625
0.545 0.161878625
0.5475 0.164116546875
0.55 0.166375
0.5525 0.168654078125
0.555 0.170953875
0.5575 0.173274484375
0.56 0.175616
0.5625 0.177978515625
0.565 0.180362125
0.5675 0.182766921875
0.57 0.185193
0.5725 0.187640453125
0.575 0.190109375
0.5775 0.192599859375
0.58 0.195112
0.5825 0.197645890625
0.585 0.200201625
0.5875 0.202779296875
0.59 0.205379
0.5925 0.208000828125
0.595 0.210644875
0.5975 0.213311234375
0.6 0.216
0.6025 0.218711265625
0.605 0.221445125
0.6075 0.224201671875
0.61 0.226981
0.6125 0.229783203125
0.615 0.232608375
0.6175 0.235456609375
0.62 0.238328
0.6225 0.241222640625
0.625 0.244140625
0.6275 0.247082046875
0.63 0.250047
0.6325 0.253035578125
0.635 0.256047875
0.6375 0.259083984375
0.64 0.262144
0.6425 0.265228015625
0.645 0.268336125
0.6475 0.271468421875
0.65 0.274625
0.6525 0.277805953125
0.655 0.281011375
0.6575 0.284241359375
0.66 0.287496
0.6625 0.290775390625
0.665 0.294079625
0.6675 0.297408796875
0.67 0.300763
0.6725 0.304142328125
0.675 0.307546875
0.6775 0.310976734375
0.68 0.314432
0.6825 0.317912765625
0.685 0.321419125
0.6875 0.324951171875
0.69 0.328509
0.6925 0.332092703125
0.695 0.335702375
0.6975 0.339338109375
0.7 0.343
0.7025 0.346688140625
0.705 0.350402625
0.7075 0.354143546875
0.71 0.357911
0.7125 0.361705078125
0.715 0.365525875
0.7175 0.369373484375
0.72 0.373248
0.7225 0.377149515625
0.725 0.381078125
0.7275 0.385033921875
0.73 0.389017
0.7325 0.393027453125
0.735 0.397065375
0.7375 0.401130859375
0.74 0.405224
0.7425 0.409344890625
0.745 0.413493625
0.7475 0.417670296875
0.75 0.421875
0.7525 0.426107828125
0.755 0.430368875
0.7575 0.434658234375
0.76 0.438976
0.7625 0.443322265625
0.765 0.447697125
0.7675 0.452100671875
0.77 0.456533
0.7725 0.460994203125
0.775 0.465484375
0.7775 0.470003609375
0.78 0.474552
0.7825 0.479129640625
0.785 0.483736625
0.7875 0.488373046875
0.79 0.493039
0.7925 0.497734578125
0.795 0.502459875
0.7975 0.507214984375
0.8 0.512
0.8025 0.516815015625
0.805 0.521660125
0.8075 0.526535421875
0.81 0.531441
0.8125 0.536376953125
0.815 0.541343375
0.8175 0.546340359375
0.82 0.551368
0.8225 0.556426390625
0.825 0.561515625
0.8275 0.566635796875
0.83 0.571787
0.8325 0.576969328125
0.835 0.582182875
0.8375 0.587427734375
0.84 0.592704
0.8425 0.598011765625
0.845 0.603351125
0.8475 0.608722171875
0.85 0.614125
0.8525 0.619559703125
0.855 0.625026375
0.8575 0.630525109375
0.86 0.636056
0.8625 0.641619140625
0.865 0.647214625
0.8675 0.652842546875
0.87 0.658503
0.8725 0.664196078125
0.875 0.669921875
0.8775 0.675680484375
0.88 0.681472
0.8825 0.687296515625
0.885 0.693154125
0.8875 0.699044921875
0.89 0.704969
0.8925 0.710926453125
0.895 0.716917375
0.8975 0.722941859375
0.9 0.729
0.9025 0.735091890625
0.905 0.741217625
0.9075 0.747377296875
0.91 0.753571
0.9125 0.759798828125
0.915 0.766060875
0.9175 0.772357234375
0.92 0.778688
0.9225 0.785053265625
0.925 0.791453125
0.9275 0.797887671875
0.93 0.804357
0.9325 0.810861203125
0.935 0.817400375
0.9375 0.823974609375
0.94 0.830584
0.9425 0.837228640625
0.945 0.843908625
0.9475 0.850624046875
0.95 0.857375
0.9525 0.864161578125
0.955 0.870983875
0.9575 0.877841984375
0.96 0.884736
0.9625 0.891666015625
0.965 0.898632125
0.9675 0.905634421875
0.97 0.912673
0.9725 0.919747953125
0.975 0.926859375
0.9775 0.934007359375
0.98 0.941192
0.9825 0.948413390625
0.985 0.955671625
0.9875 0.962966796875
0.99 0.970299
0.9925 0.977668328125
0.995 0.985074875
0.9975 0.992518734375
1 1
1 1
0.9975 0.998499249124
0.995 0.996996992979
0.9925 0.995493226268
0.99 0.993987943662
0.9875 0.992481139798
0.985 0.990972809281
0.9825 0.989462946686
0.98 0.98795154655
0.9775 0.98643860338
0.975 0.984924111648
0.9725 0.983408065792
0.97 0.981890460216
0.9675 0.98037128929
0.965 0.978850547347
0.9625 0.977328228687
0.96 0.975804327574
0.9575 0.974278838234
0.955 0.972751754859
0.9525 0.971223071604
0.95 0.969692782588
0.9475 0.96816088189
0.945 0.966627363556
0.9425 0.965092221589
0.94 0.963555449958
0.9375 0.962017042591
0.935 0.960476993378
0.9325 0.958935296171
0.93 0.957391944779
0.9275 0.955846932976
0.925 0.95430025449
0.9225 0.952751903013
0.92 0.951201872194
0.9175 0.94965015564
0.915 0.948096746917
0.9125 0.94654163955
0.91 0.944984827018
0.9075 0.943426302761
0.905 0.941866060172
0.9025 0.940304092603
0.9 0.93874039336
0.8975 0.937174955705
0.895 0.935607772855
0.8925 0.934038837981
0.89 0.932468144209
0.8875 0.930895684618
0.885 0.929321452241
0.8825 0.927745440061
0.88 0.926167641017
0.8775 0.924588047997
0.875 0.923006653843
0.8725 0.921423451345
0.87 0.919838433244
0.8675 0.918251592234
0.865 0.916662920954
0.8625 0.915072411995
0.86 0.913480057895
0.8575 0.91188585114
0.855 0.910289784164
0.8525 0.908691849348
0.85 0.907092039019
0.8475 0.905490345449
0.845 0.903886760857
0.8425 0.902281277405
0.84 0.900673887199
0.8375 0.899064582291
0.835 0.897453354674
0.8325 0.895840196283
0.83 0.894225098997
0.8275 0.892608054634
0.825 0.890989054954
0.8225 0.889368091658
0.82 0.887745156382
0.8175 0.886120240707
0.815 0.884493336147
0.8125 0.882864434156
0.81 0.881233526125
0.8075 0.87960060338
0.805 0.877965657183
0.8025 0.876328678731
0.8 0.874689659155
0.7975 0.873048589519
0.795 0.871405460821
0.7925 0.86976026399
0.79 0.868112989887
0.7875 0.866463629302
0.785 0.864812172956
0.7825 0.8631586115
0.78 0.86150293551
0.7775 0.859845135494
0.775 0.858185201882
0.7725 0.856523125034
0.77 0.854858895233
0.7675 0.853192502685
0.765 0.851523937522
0.7625 0.849853189798
0.76 0.848180249486
0.7575 0.846505106484
0.755 0.844827750607
0.7525 0.843148171589
0.75 0.841466359085
0.7475 0.839782302663
0.745 0.83809599181
0.7425 0.836407415927
0.74 0.834716564331
0.7375 0.833023426251
0.735 0.831327990827
0.7325 0.829630247114
0.73 0.827930184073
0.7275 0.826227790578
0.725 0.824523055409
0.7225 0.822815967252
0.72 0.821106514702
0.7175 0.819394686258
0.715 0.81768047032
0.7125 0.815963855195
0.71 0.814244829087
0.7075 0.812523380105
0.705 0.810799496252
0.7025 0.809073165433
0.7 0.807344375447
0.6975 0.80561311399
0.695 0.803879368652
0.6925 0.802143126914
0.69 0.800404376149
0.6875 0.798663103623
0.685 0.796919296487
0.6825 0.795172941781
0.68 0.793424026432
0.6775 0.791672537249
0.675 0.789918460926
0.6725 0.788161784039
0.67 0.786402493042
0.6675 0.78464057427
0.665 0.782876013934
0.6625 0.78110879812
0.66 0.779338912789
0.6575 0.777566343773
0.655 0.775791076775
0.6525 0.774013097368
0.65 0.772232390992
0.6475 0.77044894295
0.645 0.768662738413
0.6425 0.76687376241
0.64 0.765081999832
0.6375 0.763287435428
0.635 0.761490053804
0.6325 0.759689839418
0.63 0.757886776584
0.6275 0.756080849464
0.625 0.754272042068
0.6225 0.752460338255
0.62 0.750645721726
0.6175 0.748828176025
0.615 0.747007684536
0.6125 0.74518423048
0.61 0.743357796916
0.6075 0.741528366732
0.605 0.73969592265
0.6025 0.73786044722
0.6 0.736021922818
0.5975 0.734180331643
0.595 0.732335655715
0.5925 0.730487876874
0.59 0.728636976775
0.5875 0.726782936885
0.585 0.724925738485
0.5825 0.723065362659
0.58 0.7212017903
0.5775 0.719335002103
0.575 0.717464978559
0.5725 0.715591699958
0.57 0.713715146383
0.5675 0.711835297706
0.565 0.709952133588
0.5625 0.708065633471
0.56 0.70617577658
0.5575 0.704282541917
0.555 0.702385908255
0.5525 0.700485854141
0.55 0.698582357887
0.5475 0.696675397569
0.545 0.69476495102
0.5425 0.692850995832
0.54 0.690933509347
0.5375 0.689012468657
0.535 0.687087850595
0.5325 0.685159631736
0.53 0.68322778839
0.5275 0.6812922966
0.525 0.679353132135
0.5225 0.677410270486
0.52 0.675463686865
0.5175 0.673513356194
0.515 0.671559253107
0.5125 0.669601351941
0.51 0.667639626732
0.5075 0.665674051211
0.505 0.663704598797
0.5025 0.661731242595
0.5 0.659753955386
0.4975 0.657772709626
0.495 0.655787477437
0.4925 0.653798230604
0.49 0.651804940566
0.4875 0.649807578415
0.485 0.647806114884
0.4825 0.645800520345
0.48 0.6437907648
0.4775 0.641776817877
0.475 0.639758648822
0.4725 0.637736226491
0.47 0.635709519344
0.4675 0.633678495439
0.465 0.631643122423
0.4625 0.629603367526
0.46 0.627559197551
0.4575 0.625510578868
0.455 0.623457477405
0.4525 0.621399858643
0.45 0.6193376876
0.4475 0.617270928831
0.445 0.615199546414
0.4425 0.613123503941
0.44 0.611042764512
0.4375 0.608957290721
0.435 0.606867044649
0.4325 0.604771987855
0.43 0.602672081363
0.4275 0.60056728565
0.425 0.598457560643
0.4225 0.596342865697
0.42 0.594223159593
0.4175 0.592098400521
0.415 0.589968546069
0.4125 0.587833553212
0.41 0.585693378298
0.4075 0.583547977036
0.405 0.58139730448
0.4025 0.57924131502
0.4 0.577079962363
0.3975 0.574913199522
0.395 0.5727409788
0.3925 0.570563251774
0.39 0.56837996928
0.3875 0.566191081396
0.385 0.563996537427
0.3825 0.561796285887
0.38 0.559590274479
0.3775 0.557378450083
0.375 0.555160758731
0.3725 0.55293714559
0.37 0.550707554944
0.3675 0.548471930172
0.365 0.546230213726
0.3625 0.543982347113
0.36 0.541728270868
0.3575 0.539467924536
0.355 0.537201246643
0.3525 0.534928174678
0.35 0.53264864506
0.3475 0.530362593122
0.345 0.528069953073
0.3425 0.525770657981
0.34 0.523464639737
0.3375 0.521151829029
0.335 0.51883215531
0.3325 0.51650554677
0.33 0.514171930299
0.3275 0.511831231456
0.325 0.509483374434
0.3225 0.507128282026
0.32 0.504765875584
0.3175 0.502396074984
0.315 0.500018798586
0.3125 0.497633963192
0.31 0.495241484003
0.3075 0.492841274577
0.305 0.490433246782
0.3025 0.488017310751
0.3 0.48559337483
0.2975 0.483161345529
0.295 0.480721127468
0.2925 0.478272623327
0.29 0.475815733782
0.2875 0.473350357455
0.285 0.470876390845
0.2825 0.46839372827
0.28 0.465902261797
0.2775 0.463401881179
0.275 0.460892473779
0.2725 0.458373924499
0.27 0.455846115701
0.2675 0.453308927128
0.265 0.45076223582
0.2625 0.44820591603
0.26 0.445639839129
0.2575 0.443063873514
0.255 0.440477884509
0.2525 0.437881734265
0.25 0.435275281648
0.2475 0.432658382132
0.245 0.430030887679
0.2425 0.427392646618
0.24 0.424743503518
0.2375 0.422083299053
0.235 0.419411869864
0.2325 0.416729048411
0.23 0.414034662823
0.2275 0.411328536733
0.225 0.408610489114
0.2225 0.405880334099
0.22 0.403137880797
0.2175 0.400382933101
0.215 0.39761528948
0.2125 0.394834742765
0.21 0.392041079924
0.2075 0.389234081823
0.205 0.386413522976
0.2025 0.383579171282
0.2 0.380730787743
0.1975 0.377868126175
0.195 0.374990932895
0.1925 0.372098946392
0.19 0.369191896983
0.1875 0.366269506448
0.185 0.363331487635
0.1825 0.360377544057
0.18 0.35740736945
0.1775 0.354420647311
0.175 0.35141705041
0.1725 0.348396240261
0.17 0.345357866571
0.1675 0.342301566648
0.165 0.339226964763
0.1625 0.336133671487
0.16 0.333021282961
0.1575 0.329889380135
0.155 0.326737527942
0.1525 0.323565274418
0.15 0.320372149754
0.1475 0.317157665285
0.145 0.313921312398
0.1425 0.310662561358
0.14 0.307380860044
0.1375 0.304075632584
0.135 0.300746277881
0.1325 0.297392168021
0.13 0.294012646543
0.1275 0.290607026565
0.125 0.287174588749
0.1225 0.283714579085
0.12 0.280226206471
0.1175 0.276708640079
0.115 0.273161006465
0.1125 0.269582386405
0.11 0.265971811422
0.1075 0.262328259957
0.105 0.258650653154
0.1025 0.254937850198
0.1 0.251188643151
0.0975 0.247401751211
0.095 0.243575814331
0.0925 0.239709386084
0.09 0.235800925679
0.0875 0.231848788998
0.085 0.227851218494
0.0825 0.223806331776
0.08 0.219712108661
0.0775 0.215566376433
0.075 0.211366792996
0.0725 0.207110827535
0.07 0.202795738224
0.0675 0.1984185464
0.065 0.19397600649
0.0625 0.189464570814
0.06 0.184880348122
0.0575 0.180219054472
0.055 0.175475954607
0.0525 0.170645791481
0.05 0.165722700867
0.0475 0.160700106942
0.045 0.1555705934
0.0425 0.150325742641
0.04 0.144955932736
0.0375 0.139450077716
0.035 0.133795290429
0.0325 0.127976437532
0.03 0.121975540947
0.0275 0.115770955127
0.025 0.109336207394
0.0225 0.102638314338
0.02 0.095635249979
0.0175 0.0882719720725
0.015 0.0804738456
0.0125 0.0721349952954
0.01 0.063095734448
0.0075 0.0530929379397
0.005 0.0416276603701
0.0025 0.0274640135827
0 0
